  0 1                    0  0.000007
  0 2                    0  0.000001
  0 3                    0  0.000001
  0 4                    0  0.000012
  1 1                    1  0.000001
  1 2                    1  0.000001
  1 3                    1  0.000001
  1 4                    1  0.000004
  2 1                    1  0.000001
  2 2                    1  0.000001
  2 3                    1  0.000001
  2 4                    1  0.000001
  3 1                    2  0.000001
  3 2                    2  0.000001
  3 3                    2  0.000001
  3 4                    2  0.000001
  4 1                    3  0.000001
  4 2                    3  0.000001
  4 3                    3  0.000001
  4 4                    3  0.000001
  5 1                    5  0.000001
  5 2                    5  0.000001
  5 3                    5  0.000001
  5 4                    5  0.000001
  6 1                    8  0.000001
  6 2                    8  0.000001
  6 3                    8  0.000001
  6 4                    8  0.000001
  7 1                   13  0.000001
  7 2                   13  0.000001
  7 3                   13  0.000001
  7 4                   13  0.000001
  8 1                   21  0.000001
  8 2                   21  0.000001
  8 3                   21  0.000001
  8 4                   21  0.000001
  9 1                   34  0.000001
  9 2                   34  0.000001
  9 3                   34  0.000001
  9 4                   34  0.000001
 10 1                   55  0.000001
 10 2                   55  0.000001
 10 3                   55  0.000001
 10 4                   55  0.000001
 11 1                   89  0.000002
 11 2                   89  0.000001
 11 3                   89  0.000001
 11 4                   89  0.000001
 12 1                  144  0.000002
 12 2                  144  0.000001
 12 3                  144  0.000001
 12 4                  144  0.000001
 13 1                  233  0.000003
 13 2                  233  0.000001
 13 3                  233  0.000001
 13 4                  233  0.000001
 14 1                  377  0.000004
 14 2                  377  0.000001
 14 3                  377  0.000001
 14 4                  377  0.000001
 15 1                  610  0.000005
 15 2                  610  0.000001
 15 3                  610  0.000001
 15 4                  610  0.000001
 16 1                  987  0.000005
 16 2                  987  0.000000
 16 3                  987  0.000001
 16 4                  987  0.000000
 17 1                 1597  0.000008
 17 2                 1597  0.000000
 17 3                 1597  0.000001
 17 4                 1597  0.000000
 18 1                 2584  0.000011
 18 2                 2584  0.000000
 18 3                 2584  0.000001
 18 4                 2584  0.000001
 19 1                 4181  0.000018
 19 2                 4181  0.000000
 19 3                 4181  0.000001
 19 4                 4181  0.000000
 20 1                 6765  0.000027
 20 2                 6765  0.000000
 20 3                 6765  0.000001
 20 4                 6765  0.000001
 21 1                10946  0.000047
 21 2                10946  0.000000
 21 3                10946  0.000000
 21 4                10946  0.000000
 22 1                17711  0.000070
 22 2                17711  0.000000
 22 3                17711  0.000001
 22 4                17711  0.000000
 23 1                28657  0.000125
 23 2                28657  0.000000
 23 3                28657  0.000000
 23 4                28657  0.000001
 24 1                46368  0.000190
 24 2                46368  0.000000
 24 3                46368  0.000001
 24 4                46368  0.000001
 25 1                75025  0.000331
 25 2                75025  0.000000
 25 3                75025  0.000000
 25 4                75025  0.000000
 26 1               121393  0.000573
 26 2               121393  0.000001
 26 3               121393  0.000001
 26 4               121393  0.000001
 27 1               196418  0.000866
 27 2               196418  0.000001
 27 3               196418  0.000000
 27 4               196418  0.000001
 28 1               317811  0.001370
 28 2               317811  0.000001
 28 3               317811  0.000001
 28 4               317811  0.000001
 29 1               514229  0.002275
 29 2               514229  0.000001
 29 3               514229  0.000001
 29 4               514229  0.000001
 30 1               832040  0.003680
 30 2               832040  0.000001
 30 3               832040  0.000001
 30 4               832040  0.000001
 31 1              1346269  0.005761
 31 2              1346269  0.000001
 31 3              1346269  0.000001
 31 4              1346269  0.000001
 32 1              2178309  0.010486
 32 2              2178309  0.000001
 32 3              2178309  0.000001
 32 4              2178309  0.000005
 33 1              3524578  0.018992
 33 2              3524578  0.000001
 33 3              3524578  0.000001
 33 4              3524578  0.000003
 34 1              5702887  0.032443
 34 2              5702887  0.000001
 34 3              5702887  0.000001
 34 4              5702887  0.000004
 35 1              9227465  0.039358
 35 2              9227465  0.000001
 35 3              9227465  0.000001
 35 4              9227465  0.000003
 36 1             14930352  0.064948
 36 2             14930352  0.000001
 36 3             14930352  0.000001
 36 4             14930352  0.000002
 37 1             24157817  0.098768
 37 2             24157817  0.000001
 37 3             24157817  0.000001
 37 4             24157817  0.000002
 38 1             39088169  0.234107
 38 2             39088169  0.000001
 38 3             39088169  0.000001
 38 4             39088169  0.000003
 39 1             63245986  0.283300
 39 2             63245986  0.000001
 39 3             63245986  0.000001
 39 4             63245986  0.000003
 40 1            102334155  0.457604
 40 2            102334155  0.000001
 40 3            102334155  0.000001
 40 4            102334155  0.000003
