0 0
1 0
2 0
3 0
4 0
5 0
6 0
7 0
8 0
9 0
10 0
11 0
12 0
13 0
14 0
15 0
16 0
17 0
18 0
19 0
20 0
21 0
22 0
23 0
24 0
25 0
26 0
27 0
28 0
29 0
30 0
31 0
32 0
33 0
34 0
35 0
36 0
37 0
38 0
39 0
40 0
41 0
42 0
43 0
44 0
45 0
46 0
47 0
48 0
49 0
50 0
51 0
52 0
53 0
54 0
55 0
56 0
57 0
58 0
59 0
60 0
61 0
62 0
63 0
64 0
65 0
66 0
67 0
68 0
69 0
70 0
71 0
72 0
73 0
74 0
75 0
76 0
77 0
78 0
79 0
80 0
81 0
82 0
83 0
84 0
85 0
86 0
87 0
88 0
89 0
90 0
91 0
92 0
93 0
94 0
95 0
96 0
97 0
98 0
99 0
100 0
101 0
102 0
103 0
104 0
105 0
106 0
107 0
108 0
109 0
110 0
111 0
112 0
113 0
114 0
115 0
116 0
117 0
118 0
119 0
120 0
121 0
122 0
123 0
124 0
125 0
126 0
127 0
128 0
129 0
130 0
131 0
132 0
133 0
134 0
135 0
136 0
137 0
138 0
139 0
140 0
141 0
142 0
143 0
144 0
145 0
146 0
147 0
148 0
149 0
150 0
151 0
152 0
153 0
154 0
155 0
156 0
157 0
158 0
159 0
160 0
161 0
162 0
163 0
164 0
165 0
166 0
167 0
168 0
169 0
170 0
171 0
172 0
173 0
174 0
175 0
176 0
177 0
178 0
179 0
180 0
181 0
182 0
183 0
184 0
185 0
186 0
187 0
188 0
189 0
190 0
191 0
192 0
193 0
194 0
195 0
196 0
197 0
198 0
199 0
200 0
201 0
202 0
203 0
204 0
205 0
206 0
207 0
208 0
209 0
210 0
211 0
212 0
213 0
214 0
215 0
216 0
217 0
218 0
219 0
220 0
221 0
222 0
223 0
224 0
225 0
226 0
227 0
228 0
229 0
230 0
231 0
232 0
233 0
234 0
235 0
236 0
237 0
238 0
239 0
240 0
241 0
242 0
243 0
244 0
245 0
246 0
247 0
248 0
249 0
250 0
251 0
252 0
253 0
254 0
255 0
256 0
257 0
258 0
259 0
260 0
261 0
262 0
263 0
264 0
265 0
266 0
267 0
268 0
269 0
270 0
271 0
272 0
273 0
274 0
275 0
276 0
277 0
278 0
279 0
280 0
281 0
282 0
283 0
284 0
285 0
286 0
287 0
288 0
289 0
290 0
291 0
292 0
293 0
294 0
295 0
296 0
297 0
298 0
299 0
300 0
301 0
302 0
303 0
304 0
305 0
306 0
307 0
308 0
309 0
310 0
311 0
312 0
313 0
314 0
315 0
316 0
317 0
318 0
319 0
320 0
321 0
322 0
323 0
324 0
325 0
326 0
327 0
328 0
329 0
330 0
331 0
332 0
333 0
334 0
335 0
336 0
337 0
338 0
339 0
340 0
341 0
342 0
343 0
344 0
345 0
346 0
347 0
348 0
349 0
350 0
351 0
352 0
353 0
354 0
355 0
356 0
357 0
358 0
359 0
360 0
361 0
362 0
363 0
364 0
365 0
366 0
367 0
368 0
369 0
370 0
371 0
372 0
373 0
374 0
375 0
376 0
377 0
378 0
379 0
380 0
381 0
382 0
383 0
384 0
385 0
386 0
387 0
388 0
389 0
390 0
391 0
392 0
393 0
394 0
395 0
396 0
397 0
398 0
399 0
400 0
401 0
402 0
403 0
404 0
405 0
406 0
407 0
408 0
409 0
410 0
411 0
412 0
413 0
414 0
415 0
416 0
417 0
418 0
419 0
420 0
421 0
422 0
423 0
424 0
425 0
426 0
427 0
428 0
429 0
430 0
431 0
432 0
433 0
434 0
435 0
436 0
437 0
438 0
439 0
440 0
441 0
442 0
443 0
444 0
445 0
446 0
447 0
448 0
449 0
450 0
451 0
452 0
453 0
454 0
455 0
456 0
457 0
458 0
459 0
460 0
461 0
462 0
463 0
464 0
465 0
466 0
467 0
468 0
469 0
470 0
471 0
472 0
473 0
474 0
475 0
476 0
477 0
478 0
479 0
480 0
481 0
482 0
483 0
484 0
485 0
486 0
487 0
488 0
489 0
490 0
491 0
492 0
493 0
494 0
495 0
496 0
497 0
498 0
499 0
500 0
501 0
502 0
503 0
504 0
505 0
506 0
507 0
508 0
509 0
510 0
511 0
512 0
513 0
514 0
515 0
516 0
517 0
518 0
519 0
520 0
521 0
522 0
523 0
524 0
525 0
526 0
527 0
528 0
529 0
530 0
531 0
532 0
533 0
534 0
535 0
536 0
537 0
538 0
539 0
540 0
541 0
542 0
543 0
544 0
545 0
546 0
547 0
548 0
549 0
550 0
551 0
552 0
553 0
554 0
555 0
556 0
557 0
558 0
559 0
560 0
561 0
562 0
563 0
564 0
565 0
566 0
567 0
568 0
569 0
570 0
571 0
572 0
573 0
574 0
575 0
576 0
577 0
578 0
579 0
580 0
581 0
582 0
583 0
584 0
585 0
586 0
587 0
588 0
589 0
590 0
591 0
592 0
593 0
594 0
595 0
596 0
597 0
598 0
599 0
600 0
601 0
602 0
603 0
604 0
605 0
606 0
607 0
608 0
609 0
610 0
611 0
612 0
613 0
614 0
615 0
616 0
617 0
618 0
619 0
620 0
621 0
622 0
623 0
624 0
625 0
626 0
627 0
628 0
629 0
630 0
631 0
632 0
633 0
634 0
635 0
636 0
637 0
638 0
639 0
640 0
641 0
642 0
643 0
644 0
645 0
646 0
647 0
648 0
649 0
650 0
651 0
652 0
653 0
654 0
655 0
656 0
657 0
658 0
659 0
660 0
661 0
662 0
663 0
664 0
665 0
666 0
667 0
668 0
669 0
670 0
671 0
672 0
673 0
674 0
675 0
676 0
677 0
678 0
679 0
680 0
681 0
682 0
683 0
684 0
685 0
686 0
687 0
688 0
689 0
690 0
691 0
692 0
693 0
694 0
695 0
696 0
697 0
698 0
699 0
700 0
701 0
702 0
703 0
704 0
705 0
706 0
707 0
708 0
709 0
710 0
711 0
712 0
713 0
714 0
715 0
716 0
717 0
718 0
719 0
720 0
721 0
722 0
723 0
724 0
725 0
726 0
727 0
728 0
729 0
730 0
731 0
732 0
733 0
734 0
735 0
736 0
737 0
738 0
739 0
740 0
741 0
742 0
743 0
744 0
745 0
746 0
747 0
748 0
749 0
750 0
751 0
752 0
753 0
754 0
755 0
756 0
757 0
758 0
759 0
760 0
761 0
762 0
763 0
764 0
765 0
766 0
767 0
768 0
769 0
770 0
771 0
772 0
773 0
774 0
775 0
776 0
777 0
778 0
779 0
780 0
781 0
782 0
783 0
784 0
785 0
786 0
787 0
788 0
789 0
790 0
791 0
792 0
793 0
794 0
795 0
796 0
797 0
798 0
799 0
800 0
801 0
802 0
803 0
804 0
805 0
806 0
807 0
808 0
809 0
810 0
811 0
812 0
813 0
814 0
815 0
816 0
817 0
818 0
819 0
820 0
821 0
822 0
823 0
824 0
825 0
826 0
827 0
828 0
829 0
830 0
831 0
832 0
833 0
834 0
835 0
836 0
837 0
838 0
839 0
840 0
841 0
842 0
843 0
844 0
845 0
846 0
847 0
848 0
849 0
850 0
851 0
852 0
853 0
854 0
855 0
856 0
857 0
858 0
859 0
860 0
861 0
862 0
863 0
864 0
865 0
866 0
867 0
868 0
869 0
870 0
871 0
872 0
873 0
874 0
875 0
876 0
877 0
878 0
879 0
880 0
881 0
882 0
883 0
884 0
885 0
886 0
887 0
888 0
889 0
890 0
891 0
892 0
893 0
894 0
895 0
896 0
897 0
898 0
899 0
900 0
901 0
902 0
903 0
904 0
905 0
906 0
907 0
908 0
909 0
910 0
911 0
912 0
913 0
914 0
915 0
916 0
917 0
918 0
919 0
920 0
921 0
922 0
923 0
924 0
925 0
926 0
927 0
928 0
929 0
930 0
931 0
932 0
933 0
934 0
935 0
936 0
937 0
938 0
939 0
940 0
941 0
942 0
943 0
944 0
945 0
946 0
947 0
948 0
949 0
950 0
951 0
952 0
953 0
954 0
955 0
956 0
957 0
958 0
959 0
960 0
961 0
962 0
963 0
964 0
965 0
966 0
967 0
968 0
969 0
970 0
971 0
972 0
973 0
974 0
975 0
976 0
977 0
978 0
979 0
980 0
981 0
982 0
983 0
984 0
985 0
986 0
987 0
988 0
989 0
990 0
991 0
992 0
993 0
994 0
995 0
996 0
997 0
998 0
999 0
1000 0
1001 0
1002 0
1003 0
1004 0
1005 0
1006 0
1007 0
1008 0
1009 0
1010 0
1011 0
1012 0
1013 0
1014 0
1015 0
1016 0
1017 0
1018 0
1019 0
1020 0
1021 0
1022 0
1023 0
1024 0
1025 0
1026 0
1027 0
1028 0
1029 0
1030 0
1031 0
1032 0
1033 0
1034 0
1035 0
1036 0
1037 0
1038 0
1039 0
1040 0
1041 0
1042 0
1043 0
1044 0
1045 0
1046 0
1047 0
1048 0
1049 0
1050 0
1051 0
1052 0
1053 0
1054 0
1055 0
1056 0
1057 0
1058 0
1059 0
1060 0
1061 0
1062 0
1063 0
1064 0
1065 0
1066 0
1067 0
1068 0
1069 0
1070 0
1071 0
1072 0
1073 0
1074 0
1075 0
1076 0
1077 0
1078 0
1079 0
1080 0
1081 0
1082 0
1083 0
1084 0
1085 0
1086 0
1087 0
1088 0
1089 0
1090 0
1091 0
1092 0
1093 0
1094 0
1095 0
1096 0
1097 0
1098 0
1099 0
1100 0
1101 0
1102 0
1103 0
1104 0
1105 0
1106 0
1107 0
1108 0
1109 0
1110 0
1111 0
1112 0
1113 0
1114 0
1115 0
1116 0
1117 0
1118 0
1119 0
1120 0
1121 0
1122 0
1123 0
1124 0
1125 0
1126 0
1127 0
1128 0
1129 0
1130 0
1131 0
1132 0
1133 0
1134 0
1135 0
1136 0
1137 0
1138 0
1139 0
1140 0
1141 0
1142 0
1143 0
1144 0
1145 0
1146 0
1147 0
1148 0
1149 0
1150 0
1151 0
1152 0
1153 0
1154 0
1155 0
1156 0
1157 0
1158 0
1159 0
1160 0
1161 0
1162 0
1163 0
1164 0
1165 0
1166 0
1167 0
1168 0
1169 0
1170 0
1171 0
1172 0
1173 0
1174 0
1175 0
1176 0
1177 0
1178 0
1179 0
1180 0
1181 0
1182 0
1183 0
1184 0
1185 0
1186 0
1187 0
1188 0
1189 0
1190 0
1191 0
1192 0
1193 0
1194 0
1195 0
1196 0
1197 0
1198 0
1199 0
1200 0
1201 0
1202 0
1203 0
1204 0
1205 0
1206 0
1207 0
1208 0
1209 0
1210 0
1211 0
1212 0
1213 0
1214 0
1215 0
1216 0
1217 0
1218 0
1219 0
1220 0
1221 0
1222 0
1223 0
1224 0
1225 0
1226 0
1227 0
1228 0
1229 0
1230 0
1231 0
1232 0
1233 0
1234 0
1235 0
1236 0
1237 0
1238 0
1239 0
1240 0
1241 0
1242 0
1243 0
1244 0
1245 0
1246 0
1247 0
1248 0
1249 0
1250 0
1251 0
1252 0
1253 0
1254 0
1255 0
1256 0
1257 0
1258 0
1259 0
1260 0
1261 0
1262 0
1263 0
1264 0
1265 0
1266 0
1267 0
1268 0
1269 0
1270 0
1271 0
1272 0
1273 0
1274 0
1275 0
1276 0
1277 0
1278 0
1279 0
1280 0
1281 0
1282 0
1283 0
1284 0
1285 0
1286 0
1287 0
1288 0
1289 0
1290 0
1291 0
1292 0
1293 0
1294 0
1295 0
1296 0
1297 0
1298 0
1299 0
1300 0
1301 0
1302 0
1303 0
1304 0
1305 0
1306 0
1307 0
1308 0
1309 0
1310 0
1311 0
1312 0
1313 0
1314 0
1315 0
1316 0
1317 0
1318 0
1319 0
1320 0
1321 0
1322 0
1323 0
1324 0
1325 0
1326 0
1327 0
1328 0
1329 0
1330 0
1331 0
1332 0
1333 0
1334 0
1335 0
1336 0
1337 0
1338 0
1339 0
1340 0
1341 0
1342 0
1343 0
1344 0
1345 0
1346 0
1347 0
1348 0
1349 0
1350 0
1351 0
1352 0
1353 0
1354 0
1355 0
1356 0
1357 0
1358 0
1359 0
1360 0
1361 0
1362 0
1363 0
1364 0
1365 0
1366 0
1367 0
1368 0
1369 0
1370 0
1371 0
1372 0
1373 0
1374 0
1375 0
1376 0
1377 0
1378 0
1379 0
1380 0
1381 0
1382 0
1383 0
1384 0
1385 0
1386 0
1387 0
1388 0
1389 0
1390 0
1391 0
1392 0
1393 0
1394 0
1395 0
1396 0
1397 0
1398 0
1399 0
1400 0
1401 0
1402 0
1403 0
1404 0
1405 0
1406 0
1407 0
1408 0
1409 0
1410 0
1411 0
1412 0
1413 0
1414 0
1415 0
1416 0
1417 0
1418 0
1419 0
1420 0
1421 0
1422 0
1423 0
1424 0
1425 0
1426 0
1427 0
1428 0
1429 0
1430 0
1431 0
1432 0
1433 0
1434 0
1435 0
1436 0
1437 0
1438 0
1439 0
1440 0
1441 0
1442 0
1443 0
1444 0
1445 0
1446 0
1447 0
1448 0
1449 0
1450 0
1451 0
1452 0
1453 0
1454 0
1455 0
1456 0
1457 0
1458 0
1459 0
1460 0
1461 0
1462 0
1463 0
1464 0
1465 0
1466 0
1467 0
1468 0
1469 0
1470 0
1471 0
1472 0
1473 0
1474 0
1475 0
1476 0
1477 0
1478 0
1479 0
1480 0
1481 0
1482 0
1483 0
1484 0
1485 0
1486 0
1487 0
1488 0
1489 0
1490 0
1491 0
1492 0
1493 0
1494 0
1495 0
1496 0
1497 0
1498 0
1499 12
1500 0
1501 0
1502 0
1503 0
1504 0
1505 49
1506 0
1507 0
1508 16
1509 26
1510 0
1511 0
1512 0
1513 24
1514 25
1515 0
1516 20
1517 0
1518 0
1519 0
1520 0
1521 34
1522 25
1523 0
1524 0
1525 0
1526 0
1527 0
1528 0
1529 0
1530 37
1531 0
1532 0
1533 0
1534 0
1535 0
1536 77
1537 47
1538 0
1539 37
1540 0
1541 51
1542 0
1543 0
1544 80
1545 42
1546 30
1547 0
1548 0
1549 0
1550 0
1551 30
1552 79
1553 52
1554 0
1555 0
1556 24
1557 0
1558 22
1559 58
1560 18
1561 31
1562 0
1563 22
1564 25
1565 0
1566 43
1567 57
1568 76
1569 24
1570 0
1571 0
1572 62
1573 31
1574 20
1575 55
1576 71
1577 23
1578 0
1579 25
1580 75
1581 25
1582 96
1583 90
1584 0
1585 24
1586 26
1587 49
1588 42
1589 185
1590 93
1591 26
1592 24
1593 24
1594 28
1595 51
1596 19
1597 47
1598 83
1599 0
1600 43
1601 49
1602 54
1603 142
1604 30
1605 138
1606 87
1607 77
1608 55
1609 25
1610 53
1611 30
1612 109
1613 42
1614 71
1615 94
1616 73
1617 49
1618 51
1619 73
1620 100
1621 109
1622 21
1623 74
1624 129
1625 173
1626 118
1627 96
1628 136
1629 65
1630 59
1631 114
1632 168
1633 45
1634 142
1635 54
1636 69
1637 51
1638 115
1639 67
1640 118
1641 41
1642 139
1643 241
1644 102
1645 94
1646 95
1647 155
1648 100
1649 196
1650 163
1651 160
1652 247
1653 131
1654 142
1655 245
1656 86
1657 277
1658 131
1659 199
1660 238
1661 126
1662 387
1663 180
1664 291
1665 175
1666 306
1667 300
1668 131
1669 256
1670 252
1671 253
1672 82
1673 162
1674 189
1675 257
1676 108
1677 227
1678 330
1679 225
1680 373
1681 116
1682 293
1683 402
1684 555
1685 222
1686 469
1687 300
1688 350
1689 295
1690 191
1691 586
1692 339
1693 173
1694 377
1695 382
1696 444
1697 337
1698 370
1699 453
1700 537
1701 320
1702 453
1703 389
1704 137
1705 340
1706 588
1707 496
1708 419
1709 439
1710 397
1711 300
1712 452
1713 346
1714 493
1715 336
1716 627
1717 367
1718 554
1719 532
1720 690
1721 529
1722 713
1723 915
1724 594
1725 499
1726 442
1727 547
1728 668
1729 622
1730 581
1731 448
1732 597
1733 729
1734 596
1735 496
1736 747
1737 1064
1738 827
1739 508
1740 512
1741 792
1742 795
1743 671
1744 656
1745 952
1746 895
1747 674
1748 951
1749 722
1750 891
1751 806
1752 820
1753 1064
1754 1078
1755 950
1756 821
1757 867
1758 1073
1759 1262
1760 1125
1761 836
1762 1185
1763 1170
1764 955
1765 1136
1766 959
1767 980
1768 1189
1769 1309
1770 1376
1771 1180
1772 1360
1773 1608
1774 1068
1775 966
1776 1408
1777 1059
1778 1351
1779 1281
1780 1653
1781 1716
1782 1017
1783 1508
1784 1618
1785 1480
1786 1204
1787 1564
1788 1302
1789 1590
1790 1590
1791 1565
1792 1395
1793 1748
1794 1741
1795 2021
1796 1703
1797 1918
1798 1544
1799 2002
1800 1236
1801 1744
1802 1903
1803 1873
1804 2524
1805 1609
1806 1907
1807 2100
1808 2029
1809 1995
1810 2108
1811 1483
1812 1674
1813 1999
1814 1881
1815 2199
1816 2093
1817 2472
1818 2572
1819 1869
1820 2345
1821 2259
1822 2057
1823 2517
1824 2170
1825 2463
1826 2327
1827 2667
1828 2560
1829 2632
1830 2262
1831 2809
1832 2500
1833 2501
1834 3102
1835 2551
1836 2344
1837 2926
1838 3242
1839 2770
1840 2906
1841 3186
1842 3257
1843 2724
1844 2963
1845 2701
1846 3163
1847 3240
1848 3453
1849 3349
1850 3552
1851 2995
1852 3486
1853 3557
1854 3367
1855 3250
1856 3451
1857 3506
1858 2950
1859 4148
1860 3810
1861 3714
1862 3553
1863 4136
1864 3490
1865 4100
1866 3358
1867 4135
1868 3893
1869 3904
1870 4182
1871 4093
1872 4085
1873 4495
1874 4293
1875 4669
1876 4731
1877 4665
1878 3966
1879 3795
1880 5030
1881 4749
1882 3928
1883 4805
1884 5251
1885 5312
1886 4833
1887 5390
1888 4938
1889 4765
1890 5222
1891 5205
1892 4685
1893 5036
1894 4879
1895 5553
1896 5329
1897 4902
1898 6106
1899 5864
1900 5712
1901 6079
1902 6460
1903 5544
1904 6008
1905 6148
1906 6442
1907 6192
1908 5701
1909 6443
1910 6721
1911 6256
1912 6794
1913 6450
1914 6202
1915 6917
1916 6966
1917 6992
1918 6550
1919 6719
1920 7155
1921 6687
1922 7005
1923 7685
1924 7780
1925 6578
1926 7079
1927 8221
1928 7467
1929 7192
1930 8321
1931 7758
1932 8362
1933 7531
1934 8149
1935 8500
1936 8308
1937 7936
1938 8530
1939 7815
1940 8001
1941 8511
1942 8473
1943 9065
1944 8594
1945 8495
1946 8936
1947 8354
1948 9481
1949 8830
1950 9088
1951 8762
1952 9892
1953 8925
1954 9462
1955 9937
1956 10146
1957 9347
1958 9611
1959 10520
1960 10129
1961 9757
1962 10349
1963 9949
1964 10578
1965 12180
1966 10600
1967 11073
1968 11163
1969 9575
1970 11033
1971 11170
1972 11494
1973 12028
1974 11692
1975 11465
1976 11629
1977 11531
1978 12655
1979 12641
1980 13073
1981 13048
1982 12265
1983 12712
1984 11849
1985 12768
1986 13442
1987 13202
1988 12897
1989 13517
1990 13730
1991 14195
1992 12767
1993 13226
1994 14274
1995 13745
1996 14628
1997 14321
1998 13738
1999 13697
2000 13779
2001 14230
2002 15641
2003 14562
2004 15063
2005 14612
2006 14067
2007 16106
2008 15158
2009 16460
2010 14809
2011 14682
2012 15408
2013 15877
2014 16077
2015 16526
2016 16382
2017 16814
2018 16270
2019 17249
2020 15981
2021 16772
2022 16392
2023 16239
2024 17342
2025 17366
2026 17228
2027 17572
2028 16765
2029 18020
2030 17812
2031 17690
2032 18172
2033 19417
2034 19472
2035 18017
2036 19759
2037 18743
2038 19626
2039 18959
2040 19980
2041 20065
2042 18647
2043 20093
2044 20991
2045 21846
2046 20716
2047 21328
2048 19638
2049 20701
2050 20932
2051 21794
2052 22161
2053 20197
2054 20962
2055 21677
2056 21377
2057 23217
2058 21970
2059 23566
2060 21725
2061 23204
2062 22696
2063 22089
2064 22932
2065 22199
2066 24227
2067 23987
2068 24589
2069 24989
2070 22374
2071 24373
2072 25719
2073 24914
2074 24983
2075 25417
2076 24276
2077 25164
2078 24535
2079 23893
2080 26390
2081 27077
2082 28127
2083 27832
2084 25649
2085 26216
2086 27386
2087 27300
2088 27399
2089 26866
2090 27977
2091 28974
2092 27772
2093 28285
2094 28514
2095 28552
2096 28003
2097 28781
2098 31076
2099 28282
2100 29199
2101 30851
2102 29614
2103 32257
2104 32198
2105 30470
2106 29703
2107 30841
2108 32365
2109 33493
2110 31870
2111 31424
2112 32345
2113 33706
2114 33416
2115 31205
2116 34568
2117 34316
2118 35506
2119 34366
2120 35332
2121 36068
2122 34870
2123 35167
2124 35307
2125 35681
2126 34001
2127 38451
2128 35971
2129 37020
2130 37278
2131 36286
2132 36546
2133 38047
2134 38167
2135 38673
2136 39432
2137 38556
2138 40125
2139 38269
2140 40090
2141 40888
2142 40233
2143 39524
2144 41342
2145 39846
2146 41005
2147 40451
2148 41669
2149 41191
2150 41707
2151 40804
2152 42941
2153 45167
2154 42922
2155 43267
2156 43910
2157 43995
2158 45238
2159 43215
2160 43809
2161 45376
2162 46544
2163 46774
2164 43993
2165 46044
2166 45275
2167 46220
2168 46194
2169 47119
2170 48817
2171 48258
2172 48466
2173 46780
2174 48703
2175 47647
2176 50295
2177 51323
2178 49739
2179 50740
2180 52043
2181 52982
2182 50448
2183 50363
2184 51326
2185 54099
2186 52798
2187 52009
2188 54558
2189 53697
2190 55731
2191 54138
2192 55386
2193 55009
2194 55715
2195 54268
2196 54967
2197 55394
2198 57638
2199 57896
2200 58280
2201 55898
2202 56206
2203 60106
2204 59137
2205 59461
2206 58615
2207 59462
2208 58410
2209 60853
2210 60140
2211 61098
2212 62344
2213 59944
2214 63554
2215 63730
2216 65707
2217 61552
2218 64418
2219 62037
2220 63396
2221 63996
2222 63624
2223 66150
2224 63883
2225 64334
2226 65270
2227 65158
2228 63966
2229 65274
2230 68599
2231 69087
2232 67215
2233 66621
2234 69646
2235 71008
2236 71194
2237 73589
2238 69423
2239 72472
2240 71428
2241 68441
2242 70899
2243 70788
2244 75990
2245 72798
2246 75296
2247 75271
2248 76390
2249 74101
2250 75372
2251 75179
2252 76645
2253 76370
2254 77827
2255 78275
2256 80689
2257 78749
2258 79532
2259 78612
2260 83012
2261 79274
2262 83232
2263 81287
2264 80384
2265 83871
2266 81691
2267 83648
2268 84851
2269 84210
2270 82246
2271 83616
2272 85569
2273 85277
2274 86142
2275 88161
2276 86397
2277 88234
2278 85723
2279 86509
2280 88895
2281 88955
2282 87160
2283 88186
2284 89142
2285 90320
2286 89386
2287 89682
2288 91565
2289 92661
2290 92902
2291 93378
2292 93153
2293 92422
2294 93335
2295 95184
2296 97348
2297 97050
2298 93753
2299 96690
2300 97867
2301 98229
2302 98123
2303 101643
2304 96703
2305 99399
2306 101252
2307 101199
2308 99987
2309 102465
2310 100754
2311 101140
2312 106168
2313 105418
2314 105964
2315 104094
2316 105413
2317 105407
2318 107845
2319 108929
2320 105080
2321 108657
2322 107871
2323 109901
2324 112428
2325 110195
2326 111771
2327 108559
2328 108533
2329 111703
2330 114339
2331 111531
2332 113857
2333 116057
2334 112074
2335 117036
2336 117242
2337 118580
2338 117728
2339 118302
2340 118730
2341 118493
2342 119982
2343 120948
2344 118353
2345 120883
2346 125217
2347 124074
2348 124322
2349 128550
2350 124026
2351 124405
2352 125495
2353 129001
2354 127212
2355 129991
2356 130548
2357 128883
2358 126238
2359 127180
2360 128563
2361 128907
2362 130183
2363 132935
2364 129580
2365 130186
2366 133157
2367 137193
2368 134231
2369 141136
2370 138066
2371 136857
2372 132582
2373 135633
2374 138430
2375 138343
2376 136735
2377 137801
2378 142070
2379 143104
2380 141104
2381 140767
2382 142613
2383 146524
2384 144262
2385 146784
2386 149911
2387 148588
2388 144848
2389 146580
2390 150156
2391 151917
2392 153025
2393 148926
2394 152842
2395 156761
2396 151330
2397 153232
2398 157597
2399 157368
2400 157574
2401 155696
2402 160470
2403 158801
2404 159131
2405 158339
2406 159177
2407 159485
2408 163497
2409 165625
2410 157179
2411 165021
2412 167162
2413 163423
2414 165304
2415 166835
2416 166278
2417 166457
2418 166565
2419 173114
2420 173879
2421 173401
2422 171776
2423 173446
2424 174628
2425 175495
2426 176691
2427 174254
2428 172070
2429 176382
2430 174847
2431 176055
2432 180921
2433 176899
2434 180716
2435 178656
2436 181230
2437 186958
2438 180077
2439 182248
2440 179729
2441 181733
2442 187597
2443 183655
2444 187303
2445 188163
2446 185584
2447 190322
2448 193826
2449 191047
2450 189924
2451 187941
2452 192569
2453 189648
2454 191158
2455 194045
2456 201244
2457 199422
2458 198573
2459 196915
2460 201703
2461 199799
2462 197976
2463 200043
2464 205914
2465 199898
2466 206346
2467 205785
2468 207546
2469 208979
2470 208888
2471 208895
2472 209156
2473 209297
2474 209605
2475 211755
2476 213811
2477 208291
2478 212668
2479 213714
2480 215378
2481 218138
2482 221077
2483 214991
2484 216003
2485 219462
2486 220678
2487 218984
2488 222744
2489 222562
2490 224923
2491 221301
2492 227033
2493 225864
2494 228585
2495 228354
2496 230435
2497 225780
2498 227119
2499 233987
2500 229220
2501 233422
2502 230690
2503 233957
2504 238844
2505 236733
2506 237128
2507 233420
2508 234609
2509 234400
2510 242691
2511 239356
2512 240516
2513 240436
2514 239188
2515 241548
2516 246689
2517 248734
2518 246174
2519 245688
2520 247313
2521 250816
2522 249170
2523 251106
2524 253026
2525 257455
2526 255597
2527 259226
2528 257842
2529 255074
2530 252782
2531 262990
2532 265521
2533 267498
2534 262434
2535 262301
2536 263893
2537 263488
2538 266874
2539 267492
2540 268314
2541 266847
2542 272533
2543 269292
2544 272956
2545 271922
2546 273885
2547 272044
2548 273533
2549 280799
2550 275128
2551 281669
2552 275975
2553 283639
2554 280407
2555 282428
2556 284769
2557 288518
2558 286608
2559 284577
2560 287017
2561 292221
2562 289220
2563 290635
2564 287653
2565 288558
2566 297453
2567 296247
2568 291827
2569 292445
2570 296380
2571 299386
2572 298341
2573 296826
2574 301735
2575 302526
2576 299016
2577 304691
2578 303454
2579 301194
2580 304237
2581 312134
2582 305354
2583 316469
2584 313573
2585 312548
2586 314032
2587 310598
2588 313286
2589 317536
2590 319968
2591 319507
2592 322740
2593 317614
2594 321781
2595 328173
2596 327839
2597 328212
2598 323083
2599 325270
2600 327405
2601 329414
2602 329514
2603 336818
2604 337954
2605 334389
2606 334468
2607 344096
2608 337529
2609 340881
2610 341254
2611 344504
2612 347597
2613 344505
2614 345573
2615 348230
2616 345927
2617 349214
2618 344557
2619 353784
2620 362655
2621 354307
2622 355884
2623 352166
2624 359730
2625 363046
2626 359997
2627 356362
2628 362467
2629 358965
2630 358356
2631 358065
2632 360367
2633 373642
2634 368719
2635 372405
2636 367949
2637 366726
2638 368853
2639 370869
2640 371073
2641 378767
2642 379011
2643 375131
2644 377727
2645 381457
2646 382607
2647 381563
2648 385599
2649 389152
2650 381227
2651 390107
2652 387695
2653 384775
2654 392416
2655 391470
2656 398042
2657 394280
2658 395399
2659 401195
2660 383782
2661 386533
2662 400607
2663 404092
2664 399246
2665 399904
2666 401091
2667 404868
2668 405983
2669 406095
2670 410866
2671 405816
2672 413050
2673 414452
2674 406003
2675 410086
2676 408520
2677 415141
2678 411473
2679 418249
2680 421555
2681 424849
2682 423564
2683 424156
2684 419306
2685 420820
2686 424545
2687 422008
2688 423211
2689 425503
2690 433515
2691 436877
2692 439382
2693 429628
2694 431705
2695 436048
2696 437102
2697 440278
2698 440573
2699 436524
2700 440037
2701 441515
2702 450268
2703 447528
2704 453618
2705 450844
2706 450281
2707 446076
2708 450741
2709 445211
2710 449732
2711 447629
2712 454154
2713 456308
2714 454855
2715 464592
2716 464328
2717 462888
2718 461376
2719 472071
2720 469413
2721 467951
2722 470038
2723 465085
2724 472806
2725 471588
2726 467530
2727 466569
2728 484283
2729 471009
2730 482048
2731 474972
2732 475939
2733 484251
2734 476418
2735 483259
2736 486485
2737 487458
2738 487415
2739 483105
2740 485842
2741 489548
2742 494547
2743 490279
2744 496151
2745 494784
2746 496972
2747 498513
2748 499662
2749 501848
2750 501657
2751 502534
2752 503319
2753 506271
2754 512070
2755 513379
2756 513725
2757 507354
2758 519861
2759 515453
2760 516971
2761 516807
2762 523960
2763 520680
2764 518389
2765 529619
2766 525980
2767 528133
2768 520579
2769 527325
2770 534434
2771 531137
2772 534455
2773 531316
2774 532470
2775 532151
2776 536696
2777 533202
2778 539903
2779 535148
2780 535624
2781 546015
2782 556199
2783 548670
2784 541315
2785 539026
2786 548141
2787 554475
2788 556816
2789 549103
2790 558710
2791 556438
2792 555049
2793 562828
2794 561470
2795 566301
2796 557496
2797 564249
2798 564629
2799 571706
2800 565885
2801 568198
2802 561217
2803 568552
2804 580377
2805 575161
2806 574144
2807 576440
2808 572976
2809 572847
2810 574564
2811 574189
2812 585098
2813 586496
2814 581964
2815 589959
2816 585122
2817 591637
2818 598831
2819 593952
2820 589696
2821 595340
2822 590037
2823 594929
2824 601070
2825 603710
2826 596782
2827 600847
2828 607969
2829 610783
2830 603454
2831 601639
2832 613109
2833 611261
2834 612761
2835 613105
2836 610375
2837 613395
2838 611241
2839 615116
2840 612219
2841 620794
2842 620801
2843 618509
2844 620789
2845 625132
2846 625419
2847 623685
2848 626061
2849 637477
2850 628416
2851 625096
2852 631575
2853 633707
2854 642862
2855 639767
2856 637663
2857 639399
2858 635590
2859 641103
2860 640161
2861 650732
2862 642365
2863 643502
2864 646628
2865 647272
2866 647831
2867 650400
2868 655455
2869 660900
2870 649114
2871 653515
2872 655685
2873 660449
2874 660478
2875 667097
2876 671653
2877 676017
2878 662827
2879 672212
2880 663298
2881 677715
2882 676609
2883 672325
2884 681440
2885 675703
2886 676389
2887 675639
2888 682313
2889 682106
2890 684315
2891 681215
2892 673761
2893 686468
2894 683199
2895 688510
2896 676904
2897 687264
2898 691286
2899 692383
2900 689315
2901 695054
2902 693143
2903 691236
2904 698730
2905 696960
2906 697596
2907 698615
2908 695087
2909 700226
2910 701645
2911 715484
2912 704956
2913 705208
2914 701920
2915 700572
2916 707724
2917 711518
2918 709899
2919 711229
2920 709958
2921 711210
2922 714268
2923 711297
2924 709098
2925 719284
2926 718123
2927 717955
2928 716026
2929 725573
2930 720979
2931 724174
2932 727514
2933 726737
2934 731642
2935 719419
2936 734700
2937 738288
2938 726355
2939 728407
2940 735201
2941 729119
2942 736024
2943 737939
2944 736349
2945 740360
2946 745680
2947 744087
2948 746538
2949 736170
2950 744767
2951 757427
2952 747346
2953 754474
2954 752661
2955 753287
2956 750189
2957 745089
2958 760856
2959 756666
2960 749569
2961 751242
2962 761027
2963 763356
2964 760838
2965 753974
2966 757897
2967 764738
2968 766161
2969 766539
2970 766322
2971 767026
2972 765480
2973 760189
2974 765210
2975 770416
2976 780522
2977 782308
2978 780538
2979 787658
2980 784453
2981 778949
2982 773091
2983 781636
2984 783447
2985 785232
2986 777594
2987 783318
2988 789545
2989 786113
2990 790104
2991 793112
2992 791580
2993 794875
2994 787200
2995 793029
2996 783842
2997 789041
2998 792653
2999 803640
3000 800209
3001 792678
3002 799368
3003 803721
3004 800304
3005 795904
3006 798936
3007 802179
3008 808611
3009 803526
3010 803954
3011 804833
3012 799278
3013 812937
3014 811604
3015 804460
3016 810845
3017 805429
3018 812888
3019 812651
3020 811630
3021 814292
3022 821297
3023 819878
3024 820096
3025 822413
3026 818301
3027 823714
3028 819799
3029 819218
3030 814826
3031 823079
3032 823949
3033 829236
3034 839554
3035 824661
3036 831313
3037 832584
3038 831241
3039 830433
3040 836555
3041 829990
3042 826517
3043 837986
3044 838820
3045 842384
3046 839502
3047 846527
3048 838174
3049 846563
3050 839435
3051 831121
3052 836582
3053 847858
3054 843795
3055 837109
3056 839516
3057 854822
3058 851048
3059 849469
3060 834720
3061 844510
3062 840571
3063 846473
3064 852130
3065 852565
3066 848515
3067 840039
3068 858065
3069 850916
3070 859009
3071 849822
3072 851857
3073 856010
3074 859355
3075 848046
3076 855167
3077 870719
3078 857373
3079 855041
3080 857847
3081 865849
3082 862329
3083 865952
3084 864885
3085 863510
3086 869782
3087 867071
3088 866221
3089 868896
3090 870277
3091 872876
3092 877138
3093 873740
3094 862209
3095 870207
3096 868267
3097 877306
3098 871446
3099 875552
3100 882975
3101 872223
3102 877314
3103 874417
3104 878039
3105 877623
3106 875167
3107 883480
3108 873860
3109 881308
3110 875976
3111 876418
3112 876351
3113 877340
3114 885418
3115 882278
3116 888952
3117 884349
3118 881317
3119 882819
3120 875911
3121 881982
3122 887968
3123 885797
3124 877857
3125 888210
3126 885749
3127 887867
3128 887806
3129 888033
3130 885773
3131 881059
3132 887207
3133 892789
3134 891968
3135 892366
3136 895258
3137 886831
3138 894022
3139 893555
3140 890149
3141 888101
3142 885709
3143 896143
3144 891134
3145 881517
3146 893706
3147 895784
3148 900875
3149 895902
3150 894355
3151 895387
3152 888128
3153 889711
3154 893726
3155 892480
3156 905598
3157 901232
3158 893903
3159 906615
3160 901558
3161 901463
3162 890552
3163 894505
3164 893325
3165 901093
3166 912733
3167 906086
3168 906589
3169 898458
3170 911057
3171 903309
3172 913736
3173 902287
3174 908739
3175 910347
3176 909120
3177 907066
3178 905675
3179 912528
3180 905810
3181 904754
3182 900565
3183 903781
3184 907062
3185 912187
3186 899851
3187 915249
3188 902055
3189 906914
3190 913238
3191 916311
3192 907312
3193 905492
3194 914476
3195 915885
3196 906863
3197 909675
3198 910689
3199 908371
3200 908478
3201 909115
3202 910110
3203 913598
3204 908264
3205 911065
3206 918608
3207 911419
3208 901388
3209 912340
3210 907034
3211 914564
3212 913885
3213 922411
3214 914976
3215 907969
3216 917288
3217 910538
3218 920039
3219 914868
3220 917587
3221 920939
3222 911480
3223 910964
3224 914989
3225 924489
3226 915572
3227 917965
3228 913374
3229 924508
3230 923002
3231 920404
3232 918707
3233 928866
3234 919868
3235 919714
3236 924630
3237 914326
3238 908385
3239 907800
3240 915113
3241 928744
3242 910805
3243 920115
3244 920022
3245 927917
3246 922880
3247 915340
3248 924650
3249 915378
3250 915230
3251 916689
3252 916155
3253 909879
3254 912029
3255 909274
3256 921839
3257 913544
3258 916609
3259 919196
3260 923380
3261 916231
3262 907185
3263 910015
3264 918814
3265 918326
3266 918430
3267 912771
3268 912952
3269 908741
3270 914213
3271 913637
3272 921455
3273 909341
3274 916623
3275 911468
3276 909178
3277 918266
3278 915921
3279 919561
3280 914980
3281 919461
3282 915208
3283 908660
3284 910781
3285 911486
3286 908269
3287 906987
3288 894799
3289 920090
3290 910356
3291 909127
3292 900270
3293 912390
3294 904352
3295 918087
3296 907081
3297 909789
3298 911609
3299 910213
3300 910821
3301 910722
3302 912350
3303 910116
3304 916245
3305 917690
3306 915542
3307 902963
3308 910461
3309 900593
3310 911358
3311 903254
3312 916981
3313 906633
3314 907041
3315 916414
3316 907285
3317 916047
3318 905107
3319 905953
3320 903565
3321 913030
3322 904949
3323 904914
3324 900665
3325 893255
3326 898877
3327 899187
3328 892907
3329 901038
3330 897797
3331 902822
3332 897268
3333 891780
3334 894071
3335 902150
3336 902595
3337 902237
3338 892672
3339 891765
3340 899681
3341 905923
3342 894440
3343 898535
3344 893120
3345 899732
3346 896858
3347 896130
3348 892042
3349 894114
3350 889284
3351 887535
3352 898664
3353 882905
3354 893868
3355 896020
3356 891196
3357 887723
3358 884702
3359 879982
3360 887828
3361 883548
3362 883474
3363 877468
3364 885025
3365 890006
3366 898189
3367 886473
3368 888044
3369 892936
3370 889547
3371 892464
3372 886974
3373 880514
3374 876442
3375 887800
3376 871850
3377 878332
3378 883639
3379 886674
3380 875943
3381 885642
3382 885005
3383 890341
3384 874512
3385 881088
3386 880681
3387 876004
3388 886682
3389 880970
3390 875809
3391 887391
3392 885283
3393 879522
3394 878149
3395 885923
3396 880795
3397 879702
3398 874238
3399 873280
3400 870364
3401 873306
3402 871626
3403 867215
3404 878920
3405 874939
3406 872871
3407 873619
3408 872544
3409 873009
3410 868372
3411 865935
3412 874490
3413 860123
3414 869021
3415 867737
3416 871245
3417 869759
3418 869984
3419 860438
3420 868086
3421 864226
3422 866446
3423 862859
3424 865178
3425 868304
3426 855423
3427 859419
3428 859588
3429 860396
3430 852741
3431 862724
3432 860449
3433 863079
3434 862040
3435 851801
3436 856736
3437 854001
3438 853604
3439 863344
3440 858572
3441 853070
3442 856403
3443 852346
3444 856103
3445 849498
3446 852470
3447 852979
3448 845738
3449 846375
3450 844858
3451 844736
3452 843027
3453 843092
3454 849189
3455 841738
3456 846806
3457 841703
3458 839473
3459 846719
3460 839929
3461 838576
3462 839124
3463 843662
3464 842974
3465 839857
3466 835726
3467 836915
3468 845749
3469 834210
3470 833392
3471 828737
3472 836008
3473 825087
3474 836701
3475 833849
3476 822921
3477 830769
3478 828490
3479 819129
3480 819854
3481 820254
3482 817789
3483 826626
3484 822713
3485 820919
3486 813530
3487 818623
3488 811995
3489 809577
3490 815303
3491 815479
3492 806883
3493 822701
3494 811786
3495 803508
3496 803715
3497 808379
3498 814560
3499 810027
3500 809034
3501 808811
3502 806391
3503 800424
3504 807300
3505 801511
3506 802285
3507 793867
3508 806944
3509 800479
3510 800155
3511 800125
3512 793518
3513 800403
3514 791791
3515 787859
3516 784355
3517 783965
3518 790076
3519 786495
3520 785677
3521 786342
3522 780457
3523 782005
3524 775256
3525 781862
3526 772478
3527 779157
3528 776913
3529 776115
3530 771947
3531 767180
3532 772467
3533 778342
3534 765530
3535 770882
3536 765846
3537 765668
3538 766706
3539 762246
3540 761384
3541 758508
3542 759240
3543 753201
3544 763139
3545 765441
3546 757207
3547 752542
3548 758604
3549 758611
3550 748377
3551 753173
3552 747136
3553 746347
3554 743943
3555 743370
3556 743014
3557 740677
3558 750192
3559 740749
3560 740946
3561 739903
3562 736090
3563 746170
3564 734476
3565 732724
3566 740962
3567 736371
3568 735647
3569 735242
3570 737278
3571 735317
3572 734646
3573 728678
3574 714233
3575 738612
3576 729341
3577 725613
3578 726739
3579 726241
3580 720398
3581 723284
3582 724209
3583 719132
3584 711491
3585 709597
3586 710243
3587 711914
3588 712562
3589 709967
3590 708863
3591 703103
3592 702496
3593 707504
3594 699692
3595 694682
3596 698465
3597 694498
3598 692150
3599 687290
3600 700521
3601 695776
3602 692142
3603 694444
3604 697831
3605 691495
3606 691072
3607 689151
3608 685882
3609 686627
3610 690758
3611 682904
3612 686980
3613 682067
3614 673967
3615 674932
3616 677492
3617 676063
3618 679574
3619 668976
3620 669496
3621 660895
3622 662429
3623 675403
3624 673561
3625 668320
3626 664591
3627 664280
3628 664964
3629 662882
3630 662988
3631 661834
3632 653140
3633 652359
3634 649230
3635 654588
3636 647352
3637 648615
3638 645829
3639 644830
3640 643617
3641 649939
3642 639717
3643 639238
3644 636069
3645 636694
3646 640749
3647 634800
3648 636412
3649 630228
3650 634560
3651 637542
3652 636713
3653 631307
3654 625487
3655 627006
3656 632024
3657 625747
3658 626818
3659 623651
3660 623300
3661 626361
3662 618974
3663 607344
3664 613960
3665 612874
3666 613159
3667 603970
3668 614622
3669 608494
3670 606313
3671 612613
3672 599801
3673 601782
3674 595888
3675 590823
3676 600849
3677 596477
3678 590250
3679 593745
3680 592823
3681 584357
3682 586934
3683 583026
3684 592248
3685 588342
3686 583801
3687 574775
3688 579730
3689 586833
3690 578115
3691 578528
3692 569817
3693 582052
3694 580676
3695 574815
3696 567885
3697 575025
3698 571588
3699 568223
3700 561596
3701 564981
3702 558122
3703 569956
3704 560344
3705 550734
3706 553128
3707 557630
3708 552731
3709 549290
3710 545879
3711 549056
3712 548745
3713 546291
3714 548619
3715 542012
3716 542597
3717 539663
3718 541365
3719 540944
3720 540583
3721 542822
3722 536456
3723 532753
3724 525685
3725 526077
3726 528287
3727 526543
3728 519482
3729 523033
3730 526576
3731 518080
3732 518765
3733 517759
3734 517801
3735 503752
3736 512581
3737 507146
3738 506384
3739 502417
3740 498986
3741 503158
3742 502979
3743 505096
3744 499926
3745 497626
3746 493652
3747 493531
3748 489661
3749 494385
3750 496711
3751 485394
3752 485069
3753 483608
3754 488154
3755 484941
3756 479445
3757 477637
3758 472477
3759 474992
3760 469651
3761 475567
3762 469159
3763 468966
3764 468477
3765 467477
3766 461485
3767 468360
3768 466634
3769 459023
3770 455857
3771 462869
3772 453605
3773 460646
3774 448629
3775 449916
3776 450634
3777 450937
3778 445987
3779 445128
3780 444361
3781 438226
3782 438351
3783 441125
3784 431617
3785 429731
3786 430461
3787 431173
3788 436063
3789 434638
3790 426295
3791 429220
3792 424066
3793 427437
3794 426149
3795 420131
3796 423005
3797 422122
3798 422841
3799 418088
3800 418773
3801 408360
3802 407304
3803 409931
3804 399864
3805 397455
3806 403628
3807 408700
3808 402044
3809 405290
3810 400320
3811 400106
3812 396500
3813 392343
3814 394809
3815 391140
3816 395045
3817 386748
3818 390114
3819 387417
3820 382481
3821 378692
3822 379320
3823 385080
3824 375905
3825 376756
3826 372607
3827 371039
3828 375699
3829 368802
3830 365871
3831 370382
3832 365719
3833 363897
3834 367750
3835 359212
3836 359272
3837 360672
3838 356259
3839 358376
3840 357305
3841 357588
3842 355303
3843 353653
3844 352416
3845 346585
3846 343247
3847 342662
3848 343312
3849 341761
3850 336728
3851 336752
3852 335220
3853 339035
3854 330918
3855 332486
3856 326923
3857 329928
3858 328600
3859 318332
3860 322504
3861 321252
3862 324258
3863 321272
3864 316732
3865 322456
3866 318215
3867 317351
3868 315234
3869 316143
3870 310825
3871 302540
3872 305504
3873 299840
3874 305276
3875 304052
3876 304575
3877 301168
3878 298812
3879 298632
3880 299389
3881 290367
3882 294287
3883 291038
3884 285293
3885 292046
3886 287053
3887 288362
3888 284494
3889 283171
3890 284756
3891 278106
3892 277237
3893 272673
3894 280879
3895 273699
3896 270486
3897 270033
3898 272846
3899 272011
3900 267251
3901 272298
3902 261404
3903 265046
3904 265359
3905 257546
3906 257209
3907 259546
3908 258595
3909 258634
3910 254042
3911 257101
3912 256723
3913 258539
3914 252337
3915 250106
3916 253584
3917 246438
3918 248435
3919 248232
3920 243475
3921 239775
3922 240201
3923 231992
3924 238682
3925 237907
3926 240304
3927 231188
3928 228000
3929 227546
3930 232166
3931 225270
3932 224654
3933 222709
3934 221403
3935 225938
3936 225979
3937 216871
3938 218850
3939 216594
3940 223032
3941 213494
3942 215839
3943 210468
3944 212342
3945 209832
3946 205707
3947 206629
3948 206490
3949 207832
3950 206703
3951 201824
3952 201613
3953 203351
3954 203326
3955 198781
3956 199635
3957 196288
3958 197501
3959 201877
3960 193811
3961 190927
3962 190519
3963 187679
3964 185933
3965 192156
3966 185627
3967 185169
3968 182685
3969 184556
3970 185548
3971 179224
3972 179206
3973 175983
3974 178965
3975 175213
3976 177435
3977 176490
3978 175316
3979 173138
3980 173424
3981 169774
3982 165089
3983 172001
3984 169818
3985 167233
3986 168990
3987 163311
3988 164641
3989 158478
3990 163363
3991 161026
3992 158250
3993 157253
3994 157647
3995 157184
3996 152245
3997 154423
3998 153694
3999 151694
4000 150800
4001 152764
4002 151984
4003 147873
4004 146706
4005 142588
4006 150091
4007 144914
4008 140973
4009 137955
4010 141898
4011 136837
4012 140286
4013 139793
4014 137447
4015 137975
4016 134587
4017 134192
4018 138618
4019 134700
4020 133661
4021 132911
4022 130632
4023 131209
4024 130370
4025 127714
4026 130599
4027 130533
4028 126061
4029 126477
4030 127364
4031 125311
4032 122290
4033 119203
4034 117873
4035 117747
4036 116758
4037 117366
4038 115257
4039 114530
4040 112738
4041 114204
4042 112165
4043 109316
4044 108531
4045 112726
4046 108169
4047 109477
4048 108364
4049 108045
4050 107247
4051 107897
4052 107136
4053 104883
4054 102528
4055 104746
4056 105236
4057 102304
4058 100318
4059 100764
4060 100828
4061 98472
4062 97811
4063 98500
4064 96709
4065 98125
4066 95608
4067 94571
4068 94591
4069 92116
4070 93287
4071 90091
4072 91476
4073 89467
4074 85619
4075 90985
4076 87419
4077 87256
4078 85630
4079 85652
4080 82452
4081 84967
4082 85976
4083 84168
4084 83148
4085 81483
4086 78859
4087 82008
4088 79196
4089 76062
4090 75078
4091 73926
4092 75047
4093 75859
4094 76064
4095 74299
4096 73293
4097 73342
4098 72385
4099 73324
4100 73082
4101 71464
4102 72958
4103 69693
4104 70746
4105 70123
4106 68346
4107 67246
4108 67620
4109 67360
4110 68154
4111 66969
4112 63141
4113 62589
4114 59351
4115 62345
4116 63565
4117 61883
4118 61541
4119 59555
4120 60410
4121 61222
4122 61238
4123 57485
4124 57347
4125 57434
4126 57960
4127 55409
4128 58023
4129 54391
4130 54494
4131 54609
4132 54828
4133 55464
4134 52703
4135 52987
4136 54217
4137 51237
4138 50731
4139 52545
4140 50945
4141 52412
4142 48126
4143 49750
4144 48508
4145 47567
4146 46065
4147 47524
4148 45425
4149 46954
4150 46190
4151 46012
4152 44329
4153 43405
4154 42067
4155 42845
4156 42511
4157 41383
4158 41010
4159 41692
4160 39815
4161 41478
4162 40649
4163 38927
4164 38782
4165 39739
4166 37205
4167 42763
4168 37441
4169 39166
4170 36308
4171 37585
4172 35174
4173 36800
4174 35477
4175 35017
4176 36047
4177 36342
4178 33307
4179 33851
4180 33529
4181 32680
4182 34160
4183 30573
4184 33938
4185 33167
4186 31802
4187 31552
4188 30450
4189 31104
4190 30041
4191 30683
4192 30654
4193 27926
4194 30181
4195 28271
4196 28393
4197 28147
4198 29067
4199 27101
4200 28176
4201 26513
4202 27213
4203 25783
4204 25395
4205 26359
4206 24348
4207 24571
4208 24803
4209 24191
4210 24070
4211 24638
4212 24087
4213 22357
4214 22704
4215 23255
4216 21775
4217 22202
4218 24159
4219 24092
4220 21537
4221 22475
4222 21413
4223 21734
4224 20229
4225 20625
4226 20747
4227 21277
4228 19886
4229 18858
4230 19584
4231 18937
4232 19932
4233 18963
4234 19186
4235 17984
4236 17980
4237 16713
4238 19096
4239 17728
4240 17634
4241 17339
4242 17685
4243 16450
4244 15619
4245 17342
4246 16929
4247 17630
4248 15768
4249 15536
4250 14575
4251 14811
4252 16203
4253 16313
4254 15853
4255 15452
4256 14912
4257 13650
4258 14805
4259 14365
4260 13274
4261 13947
4262 13761
4263 12966
4264 12381
4265 13102
4266 12987
4267 14095
4268 13298
4269 12541
4270 12213
4271 12698
4272 11749
4273 11684
4274 11711
4275 10852
4276 11782
4277 10560
4278 11553
4279 11289
4280 11403
4281 10126
4282 10553
4283 9946
4284 10399
4285 11335
4286 10202
4287 10043
4288 10227
4289 8997
4290 9173
4291 9746
4292 9964
4293 8987
4294 9506
4295 8320
4296 9019
4297 7997
4298 7570
4299 8304
4300 8000
4301 7472
4302 7879
4303 8439
4304 7599
4305 7310
4306 7322
4307 6638
4308 7766
4309 7089
4310 7610
4311 7506
4312 7040
4313 6416
4314 7616
4315 6749
4316 6285
4317 6644
4318 6624
4319 6334
4320 6345
4321 6298
4322 6627
4323 6259
4324 5267
4325 6079
4326 6240
4327 7037
4328 6135
4329 5869
4330 4883
4331 5490
4332 6159
4333 5798
4334 4841
4335 4865
4336 5504
4337 5334
4338 4892
4339 4105
4340 4440
4341 4988
4342 4377
4343 4193
4344 4069
4345 4153
4346 4622
4347 4292
4348 3464
4349 4179
4350 3887
4351 3835
4352 4243
4353 4019
4354 3871
4355 3606
4356 3330
4357 3562
4358 3878
4359 4057
4360 3481
4361 3532
4362 3504
4363 3279
4364 3595
4365 3387
4366 3387
4367 3658
4368 2693
4369 3004
4370 3485
4371 3158
4372 2412
4373 2837
4374 2546
4375 2398
4376 2704
4377 2463
4378 2954
4379 2907
4380 2382
4381 2362
4382 2803
4383 2445
4384 2603
4385 2662
4386 2237
4387 2252
4388 2565
4389 2209
4390 2348
4391 2039
4392 2345
4393 2395
4394 2028
4395 1944
4396 2240
4397 2197
4398 2221
4399 1805
4400 1910
4401 1982
4402 2345
4403 2465
4404 2318
4405 2507
4406 1824
4407 1537
4408 1842
4409 1734
4410 2053
4411 1762
4412 1750
4413 1895
4414 1497
4415 1584
4416 1237
4417 1905
4418 1350
4419 1717
4420 1320
4421 1312
4422 1288
4423 1298
4424 1341
4425 1287
4426 1089
4427 1183
4428 1271
4429 994
4430 1096
4431 1123
4432 811
4433 948
4434 1010
4435 1285
4436 1022
4437 903
4438 1067
4439 594
4440 1218
4441 731
4442 741
4443 655
4444 950
4445 671
4446 609
4447 845
4448 971
4449 534
4450 937
4451 545
4452 834
4453 712
4454 722
4455 1098
4456 446
4457 679
4458 592
4459 596
4460 840
4461 732
4462 488
4463 583
4464 763
4465 515
4466 539
4467 515
4468 545
4469 614
4470 586
4471 616
4472 545
4473 500
4474 515
4475 406
4476 435
4477 391
4478 440
4479 448
4480 346
4481 455
4482 472
4483 415
4484 406
4485 489
4486 432
4487 349
4488 520
4489 266
4490 367
4491 282
4492 98
4493 348
4494 454
4495 239
4496 495
4497 475
4498 374
4499 519
4500 176
4501 333
4502 184
4503 356
4504 209
4505 346
4506 309
4507 184
4508 211
4509 173
4510 189
4511 344
4512 135
4513 171
4514 182
4515 247
4516 247
4517 83
4518 82
4519 173
4520 161
4521 355
4522 178
4523 47
4524 55
4525 111
4526 197
4527 160
4528 134
4529 93
4530 164
4531 97
4532 73
4533 27
4534 94
4535 279
4536 258
4537 127
4538 222
4539 99
4540 134
4541 69
4542 186
4543 84
4544 190
4545 364
4546 116
4547 47
4548 73
4549 124
4550 30
4551 171
4552 114
4553 218
4554 94
4555 76
4556 141
4557 79
4558 83
4559 53
4560 96
4561 96
4562 94
4563 72
4564 28
4565 84
4566 24
4567 92
4568 23
4569 160
4570 76
4571 48
4572 33
4573 0
4574 26
4575 55
4576 78
4577 56
4578 57
4579 83
4580 74
4581 0
4582 0
4583 0
4584 84
4585 84
4586 38
4587 54
4588 0
4589 25
4590 43
4591 33
4592 32
4593 60
4594 97
4595 0
4596 50
4597 22
4598 28
4599 99
4600 0
4601 57
4602 78
4603 0
4604 23
4605 0
4606 16
4607 36
4608 57
4609 0
4610 24
4611 0
4612 0
4613 0
4614 0
4615 22
4616 74
4617 0
4618 0
4619 49
4620 0
4621 0
4622 0
4623 26
4624 0
4625 0
4626 0
4627 0
4628 0
4629 0
4630 16
4631 0
4632 0
4633 0
4634 0
4635 0
4636 0
4637 0
4638 0
4639 0
4640 0
4641 32
4642 0
4643 0
4644 0
4645 0
4646 0
4647 0
4648 0
4649 0
4650 0
4651 0
4652 0
4653 0
4654 0
4655 23
4656 0
4657 0
4658 0
4659 0
4660 0
4661 0
4662 0
4663 0
4664 0
4665 25
4666 0
4667 0
4668 0
4669 0
4670 0
4671 26
4672 0
4673 0
4674 0
4675 0
4676 0
4677 0
4678 0
4679 0
4680 72
4681 0
4682 28
4683 0
4684 0
4685 0
4686 0
4687 0
4688 51
4689 0
4690 0
4691 0
4692 0
4693 0
4694 0
4695 0
4696 0
4697 0
4698 0
4699 0
4700 0
4701 0
4702 0
4703 0
4704 0
4705 0
4706 0
4707 0
4708 0
4709 0
4710 0
4711 0
4712 0
4713 0
4714 0
4715 0
4716 0
4717 0
4718 0
4719 0
4720 0
4721 0
4722 0
4723 0
4724 0
4725 0
4726 0
4727 0
4728 0
4729 0
4730 0
4731 0
4732 0
4733 0
4734 0
4735 0
4736 0
4737 0
4738 0
4739 0
4740 0
4741 0
4742 0
4743 0
4744 0
4745 0
4746 0
4747 0
4748 0
4749 0
4750 0
4751 0
4752 0
4753 0
4754 0
4755 0
4756 0
4757 0
4758 0
4759 0
4760 0
4761 0
4762 0
4763 0
4764 0
4765 0
4766 0
4767 0
4768 0
4769 0
4770 0
4771 0
4772 0
4773 0
4774 0
4775 0
4776 0
4777 0
4778 0
4779 0
4780 0
4781 0
4782 0
4783 0
4784 0
4785 0
4786 0
4787 0
4788 0
4789 0
4790 0
4791 0
4792 0
4793 0
4794 0
4795 0
4796 0
4797 0
4798 0
4799 0
4800 0
4801 0
4802 0
4803 0
4804 0
4805 0
4806 0
4807 0
4808 0
4809 0
4810 0
4811 0
4812 0
4813 0
4814 0
4815 0
4816 0
4817 0
4818 0
4819 0
4820 0
4821 0
4822 0
4823 0
4824 0
4825 0
4826 0
4827 0
4828 0
4829 0
4830 0
4831 0
4832 0
4833 0
4834 0
4835 0
4836 0
4837 0
4838 0
4839 0
4840 0
4841 0
4842 0
4843 0
4844 0
4845 0
4846 0
4847 0
4848 0
4849 0
4850 0
4851 0
4852 0
4853 0
4854 0
4855 0
4856 0
4857 0
4858 0
4859 0
4860 0
4861 0
4862 0
4863 0
4864 0
4865 0
4866 0
4867 0
4868 0
4869 0
4870 0
4871 0
4872 0
4873 0
4874 0
4875 0
4876 0
4877 0
4878 0
4879 0
4880 0
4881 0
4882 0
4883 0
4884 0
4885 0
4886 0
4887 0
4888 0
4889 0
4890 0
4891 0
4892 0
4893 0
4894 0
4895 0
4896 0
4897 0
4898 0
4899 0
4900 0
4901 0
4902 0
4903 0
4904 0
4905 0
4906 0
4907 0
4908 0
4909 0
4910 0
4911 0
4912 0
4913 0
4914 0
4915 0
4916 0
4917 0
4918 0
4919 0
4920 0
4921 0
4922 0
4923 0
4924 0
4925 0
4926 0
4927 0
4928 0
4929 0
4930 0
4931 0
4932 0
4933 0
4934 0
4935 0
4936 0
4937 0
4938 0
4939 0
4940 0
4941 0
4942 0
4943 0
4944 0
4945 0
4946 0
4947 0
4948 0
4949 0
4950 0
4951 0
4952 0
4953 0
4954 0
4955 0
4956 0
4957 0
4958 0
4959 0
4960 0
4961 0
4962 0
4963 0
4964 0
4965 0
4966 0
4967 0
4968 0
4969 0
4970 0
4971 0
4972 0
4973 0
4974 0
4975 0
4976 0
4977 0
4978 0
4979 0
4980 0
4981 0
4982 0
4983 0
4984 0
4985 0
4986 0
4987 0
4988 0
4989 0
4990 0
4991 0
4992 0
4993 0
4994 0
4995 0
4996 0
4997 0
4998 0
4999 0
5000 0
5001 0
5002 0
5003 0
5004 0
5005 0
5006 0
5007 0
5008 0
5009 0
5010 0
5011 0
5012 0
5013 0
5014 0
5015 0
5016 0
5017 0
5018 0
5019 0
5020 0
5021 0
5022 0
5023 0
5024 0
5025 0
5026 0
5027 0
5028 0
5029 0
5030 0
5031 0
5032 0
5033 0
5034 0
5035 0
5036 0
5037 0
5038 0
5039 0
5040 0
5041 0
5042 0
5043 0
5044 0
5045 0
5046 0
5047 0
5048 0
5049 0
5050 0
5051 0
5052 0
5053 0
5054 0
5055 0
5056 0
5057 0
5058 0
5059 0
5060 0
5061 0
5062 0
5063 0
5064 0
5065 0
5066 0
5067 0
5068 0
5069 0
5070 0
5071 0
5072 0
5073 0
5074 0
5075 0
5076 0
5077 0
5078 0
5079 0
5080 0
5081 0
5082 0
5083 0
5084 0
5085 0
5086 0
5087 0
5088 0
5089 0
5090 0
5091 0
5092 0
5093 0
5094 0
5095 0
5096 0
5097 0
5098 0
5099 0
5100 0
5101 0
5102 0
5103 0
5104 0
5105 0
5106 0
5107 0
5108 0
5109 0
5110 0
5111 0
5112 0
5113 0
5114 0
5115 0
5116 0
5117 0
5118 0
5119 0
5120 0
5121 0
5122 0
5123 0
5124 0
5125 0
5126 0
5127 0
5128 0
5129 0
5130 0
5131 0
5132 0
5133 0
5134 0
5135 0
5136 0
5137 0
5138 0
5139 0
5140 0
5141 0
5142 0
5143 0
5144 0
5145 0
5146 0
5147 0
5148 0
5149 0
5150 0
5151 0
5152 0
5153 0
5154 0
5155 0
5156 0
5157 0
5158 0
5159 0
5160 0
5161 0
5162 0
5163 0
5164 0
5165 0
5166 0
5167 0
5168 0
5169 0
5170 0
5171 0
5172 0
5173 0
5174 0
5175 0
5176 0
5177 0
5178 0
5179 0
5180 0
5181 0
5182 0
5183 0
5184 0
5185 0
5186 0
5187 0
5188 0
5189 0
5190 0
5191 0
5192 0
5193 0
5194 0
5195 0
5196 0
5197 0
5198 0
5199 0
5200 0
5201 0
5202 0
5203 0
5204 0
5205 0
5206 0
5207 0
5208 0
5209 0
5210 0
5211 0
5212 0
5213 0
5214 0
5215 0
5216 0
5217 0
5218 0
5219 0
5220 0
5221 0
5222 0
5223 0
5224 0
5225 0
5226 0
5227 0
5228 0
5229 0
5230 0
5231 0
5232 0
5233 0
5234 0
5235 0
5236 0
5237 0
5238 0
5239 0
5240 0
5241 0
5242 0
5243 0
5244 0
5245 0
5246 0
5247 0
5248 0
5249 0
5250 0
5251 0
5252 0
5253 0
5254 0
5255 0
5256 0
5257 0
5258 0
5259 0
5260 0
5261 0
5262 0
5263 0
5264 0
5265 0
5266 0
5267 0
5268 0
5269 0
5270 0
5271 0
5272 0
5273 0
5274 0
5275 0
5276 0
5277 0
5278 0
5279 0
5280 0
5281 0
5282 0
5283 0
5284 0
5285 0
5286 0
5287 0
5288 0
5289 0
5290 0
5291 0
5292 0
5293 0
5294 0
5295 0
5296 0
5297 0
5298 0
5299 0
5300 0
5301 0
5302 0
5303 0
5304 0
5305 0
5306 0
5307 0
5308 0
5309 0
5310 0
5311 0
5312 0
5313 0
5314 0
5315 0
5316 0
5317 0
5318 0
5319 0
5320 0
5321 0
5322 0
5323 0
5324 0
5325 0
5326 0
5327 0
5328 0
5329 0
5330 0
5331 0
5332 0
5333 0
5334 0
5335 0
5336 0
5337 0
5338 0
5339 0
5340 0
5341 0
5342 0
5343 0
5344 0
5345 0
5346 0
5347 0
5348 0
5349 0
5350 0
5351 0
5352 0
5353 0
5354 0
5355 0
5356 0
5357 0
5358 0
5359 0
5360 0
5361 0
5362 0
5363 0
5364 0
5365 0
5366 0
5367 0
5368 0
5369 0
5370 0
5371 0
5372 0
5373 0
5374 0
5375 0
5376 0
5377 0
5378 0
5379 0
5380 0
5381 0
5382 0
5383 0
5384 0
5385 0
5386 0
5387 0
5388 0
5389 0
5390 0
5391 0
5392 0
5393 0
5394 0
5395 0
5396 0
5397 0
5398 0
5399 0
5400 0
5401 0
5402 0
5403 0
5404 0
5405 0
5406 0
5407 0
5408 0
5409 0
5410 0
5411 0
5412 0
5413 0
5414 0
5415 0
5416 0
5417 0
5418 0
5419 0
5420 0
5421 0
5422 0
5423 0
5424 0
5425 0
5426 0
5427 0
5428 0
5429 0
5430 0
5431 0
5432 0
5433 0
5434 0
5435 0
5436 0
5437 0
5438 0
5439 0
5440 0
5441 0
5442 0
5443 0
5444 0
5445 0
5446 0
5447 0
5448 0
5449 0
5450 0
5451 0
5452 0
5453 0
5454 0
5455 0
5456 0
5457 0
5458 0
5459 0
5460 0
5461 0
5462 0
5463 0
5464 0
5465 0
5466 0
5467 0
5468 0
5469 0
5470 0
5471 0
5472 0
5473 0
5474 0
5475 0
5476 0
5477 0
5478 0
5479 0
5480 0
5481 0
5482 0
5483 0
5484 0
5485 0
5486 0
5487 0
5488 0
5489 0
5490 0
5491 0
5492 0
5493 0
5494 0
5495 0
5496 0
5497 0
5498 0
5499 0
5500 0
5501 0
5502 0
5503 0
5504 0
5505 0
5506 0
5507 0
5508 0
5509 0
5510 0
5511 0
5512 0
5513 0
5514 0
5515 0
5516 0
5517 0
5518 0
5519 0
5520 0
5521 0
5522 0
5523 0
5524 0
5525 0
5526 0
5527 0
5528 0
5529 0
5530 0
5531 0
5532 0
5533 0
5534 0
5535 0
5536 0
5537 0
5538 0
5539 0
5540 0
5541 0
5542 0
5543 0
5544 0
5545 0
5546 0
5547 0
5548 0
5549 0
5550 0
5551 0
5552 0
5553 0
5554 0
5555 0
5556 0
5557 0
5558 0
5559 0
5560 0
5561 0
5562 0
5563 0
5564 0
5565 0
5566 0
5567 0
5568 0
5569 0
5570 0
5571 0
5572 0
5573 0
5574 0
5575 0
5576 0
5577 0
5578 0
5579 0
5580 0
5581 0
5582 0
5583 0
5584 0
5585 0
5586 0
5587 0
5588 0
5589 0
5590 0
5591 0
5592 0
5593 0
5594 0
5595 0
5596 0
5597 0
5598 0
5599 0
5600 0
5601 0
5602 0
5603 0
5604 0
5605 0
5606 0
5607 0
5608 0
5609 0
5610 0
5611 0
5612 0
5613 0
5614 0
5615 0
5616 0
5617 0
5618 0
5619 0
5620 0
5621 0
5622 0
5623 0
5624 0
5625 0
5626 0
5627 0
5628 0
5629 0
5630 0
5631 0
5632 0
5633 0
5634 0
5635 0
5636 0
5637 0
5638 0
5639 0
5640 0
5641 0
5642 0
5643 0
5644 0
5645 0
5646 0
5647 0
5648 0
5649 0
5650 0
5651 0
5652 0
5653 0
5654 0
5655 0
5656 0
5657 0
5658 0
5659 0
5660 0
5661 0
5662 0
5663 0
5664 0
5665 0
5666 0
5667 0
5668 0
5669 0
5670 0
5671 0
5672 0
5673 0
5674 0
5675 0
5676 0
5677 0
5678 0
5679 0
5680 0
5681 0
5682 0
5683 0
5684 0
5685 0
5686 0
5687 0
5688 0
5689 0
5690 0
5691 0
5692 0
5693 0
5694 0
5695 0
5696 0
5697 0
5698 0
5699 0
5700 0
5701 0
5702 0
5703 0
5704 0
5705 0
5706 0
5707 0
5708 0
5709 0
5710 0
5711 0
5712 0
5713 0
5714 0
5715 0
5716 0
5717 0
5718 0
5719 0
5720 0
5721 0
5722 0
5723 0
5724 0
5725 0
5726 0
5727 0
5728 0
5729 0
5730 0
5731 0
5732 0
5733 0
5734 0
5735 0
5736 0
5737 0
5738 0
5739 0
5740 0
5741 0
5742 0
5743 0
5744 0
5745 0
5746 0
5747 0
5748 0
5749 0
5750 0
5751 0
5752 0
5753 0
5754 0
5755 0
5756 0
5757 0
5758 0
5759 0
5760 0
5761 0
5762 0
5763 0
5764 0
5765 0
5766 0
5767 0
5768 0
5769 0
5770 0
5771 0
5772 0
5773 0
5774 0
5775 0
5776 0
5777 0
5778 0
5779 0
5780 0
5781 0
5782 0
5783 0
5784 0
5785 0
5786 0
5787 0
5788 0
5789 0
5790 0
5791 0
5792 0
5793 0
5794 0
5795 0
5796 0
5797 0
5798 0
5799 0
5800 0
5801 0
5802 0
5803 0
5804 0
5805 0
5806 0
5807 0
5808 0
5809 0
5810 0
5811 0
5812 0
5813 0
5814 0
5815 0
5816 0
5817 0
5818 0
5819 0
5820 0
5821 0
5822 0
5823 0
5824 0
5825 0
5826 0
5827 0
5828 0
5829 0
5830 0
5831 0
5832 0
5833 0
5834 0
5835 0
5836 0
5837 0
5838 0
5839 0
5840 0
5841 0
5842 0
5843 0
5844 0
5845 0
5846 0
5847 0
5848 0
5849 0
5850 0
5851 0
5852 0
5853 0
5854 0
5855 0
5856 0
5857 0
5858 0
5859 0
5860 0
5861 0
5862 0
5863 0
5864 0
5865 0
5866 0
5867 0
5868 0
5869 0
5870 0
5871 0
5872 0
5873 0
5874 0
5875 0
5876 0
5877 0
5878 0
5879 0
5880 0
5881 0
5882 0
5883 0
5884 0
5885 0
5886 0
5887 0
5888 0
5889 0
5890 0
5891 0
5892 0
5893 0
5894 0
5895 0
5896 0
5897 0
5898 0
5899 0
5900 0
5901 0
5902 0
5903 0
5904 0
5905 0
5906 0
5907 0
5908 0
5909 0
5910 0
5911 0
5912 0
5913 0
5914 0
5915 0
5916 0
5917 0
5918 0
5919 0
5920 0
5921 0
5922 0
5923 0
5924 0
5925 0
5926 0
5927 0
5928 0
5929 0
5930 0
5931 0
5932 0
5933 0
5934 0
5935 0
5936 0
5937 0
5938 0
5939 0
5940 0
5941 0
5942 0
5943 0
5944 0
5945 0
5946 0
5947 0
5948 0
5949 0
5950 0
5951 0
5952 0
5953 0
5954 0
5955 0
5956 0
5957 0
5958 0
5959 0
5960 0
5961 0
5962 0
5963 0
5964 0
5965 0
5966 0
5967 0
5968 0
5969 0
5970 0
5971 0
5972 0
5973 0
5974 0
5975 0
5976 0
5977 0
5978 0
5979 0
5980 0
5981 0
5982 0
5983 0
5984 0
5985 0
5986 0
5987 0
5988 0
5989 0
5990 0
5991 0
5992 0
5993 0
5994 0
5995 0
5996 0
5997 0
5998 0
5999 0
