250 1
250 2
250 3
250 4
250 5
250 6
250 7
250 8
250 9
250 10
250 11
250 12
250 13
250 14
250 15
250 16
250 17
250 18
250 19
250 20
250 21
250 22
250 23
250 24
250 25
250 26
250 27
250 28
250 29
250 30
250 31
250 32
250 33
250 34
250 35
250 36
250 37
250 38
250 39
250 40
250 41
250 42
250 43
250 44
250 45
250 46
250 47
250 48
250 49
250 50
250 51
250 52
250 53
250 54
250 55
250 56
250 57
250 58
250 59
250 60
250 61
250 62
250 63
250 64
250 65
250 66
250 67
250 68
250 69
250 70
250 71
250 72
250 73
250 74
250 75
250 76
250 77
250 78
250 79
250 80
250 81
250 82
250 83
250 84
250 85
250 86
250 87
250 88
250 89
250 90
250 91
250 92
250 93
250 94
250 95
250 96
250 97
250 98
250 99
250 100
250 101
250 102
250 103
250 104
250 105
250 106
250 107
250 108
250 109
250 110
250 111
250 112
250 113
250 114
250 115
250 116
250 117
250 118
250 119
250 120
250 121
250 122
250 123
250 124
250 125
250 126
250 127
250 128
250 129
250 130
250 131
250 132
250 133
250 134
250 135
250 136
250 137
250 138
250 139
250 140
250 141
250 142
250 143
250 144
250 145
250 146
250 147
250 148
250 149
250 150
250 151
250 152
250 153
250 154
250 155
250 156
250 157
250 158
250 159
250 160
250 161
250 162
250 163
250 164
250 165
250 166
250 167
250 168
250 169
250 170
250 171
250 172
250 173
250 174
250 175
250 176
250 177
250 178
250 179
250 180
250 181
250 182
250 183
250 184
250 185
250 186
250 187
250 188
250 189
250 190
250 191
250 192
250 193
250 194
250 195
250 196
250 197
250 198
250 199
250 200
250 201
250 202
250 203
250 204
250 205
250 206
250 207
250 208
250 209
250 210
250 211
250 212
250 213
250 214
250 215
250 216
250 217
250 218
250 219
250 220
250 221
250 222
250 223
250 224
250 225
250 226
250 227
250 228
250 229
250 230
250 231
250 232
250 233
250 234
250 235
250 236
250 237
250 238
250 239
250 240
250 241
250 242
250 243
250 244
250 245
250 246
250 247
250 248
250 249
250 250
500 251
500 252
500 253
500 254
500 255
500 256
500 257
500 258
500 259
500 260
500 261
500 262
500 263
500 264
500 265
500 266
500 267
500 268
500 269
500 270
500 271
500 272
500 273
500 274
500 275
500 276
500 277
500 278
500 279
500 280
500 281
500 282
500 283
500 284
500 285
500 286
500 287
500 288
500 289
500 290
500 291
500 292
500 293
500 294
500 295
500 296
500 297
500 298
500 299
500 300
500 301
500 302
500 303
500 304
500 305
500 306
500 307
500 308
500 309
500 310
500 311
500 312
500 313
500 314
500 315
500 316
500 317
500 318
500 319
500 320
500 321
500 322
500 323
500 324
500 325
500 326
500 327
500 328
500 329
500 330
500 331
500 332
500 333
500 334
500 335
500 336
500 337
500 338
500 339
500 340
500 341
500 342
500 343
500 344
500 345
500 346
500 347
500 348
500 349
500 350
500 351
500 352
500 353
500 354
500 355
500 356
500 357
500 358
500 359
500 360
500 361
500 362
500 363
500 364
500 365
500 366
500 367
500 368
500 369
500 370
500 371
500 372
500 373
500 374
500 375
500 376
500 377
500 378
500 379
500 380
500 381
500 382
500 383
500 384
500 385
500 386
500 387
500 388
500 389
500 390
500 391
500 392
500 393
500 394
500 395
500 396
500 397
500 398
500 399
500 400
500 401
500 402
500 403
500 404
500 405
500 406
500 407
500 408
500 409
500 410
500 411
500 412
500 413
500 414
500 415
500 416
500 417
500 418
500 419
500 420
500 421
500 422
500 423
500 424
500 425
500 426
500 427
500 428
500 429
500 430
500 431
500 432
500 433
500 434
500 435
500 436
500 437
500 438
500 439
500 440
500 441
500 442
500 443
500 444
500 445
500 446
500 447
500 448
500 449
500 450
500 451
500 452
500 453
500 454
500 455
500 456
500 457
500 458
500 459
500 460
500 461
500 462
500 463
500 464
500 465
500 466
500 467
500 468
500 469
500 470
500 471
500 472
500 473
500 474
500 475
500 476
500 477
500 478
500 479
500 480
500 481
500 482
500 483
500 484
500 485
500 486
500 487
500 488
500 489
500 490
500 491
500 492
500 493
500 494
500 495
500 496
500 497
500 498
500 499
500 500
1000 501
1000 502
1000 503
1000 504
1000 505
1000 506
1000 507
1000 508
1000 509
1000 510
1000 511
1000 512
1000 513
1000 514
1000 515
1000 516
1000 517
1000 518
1000 519
1000 520
1000 521
1000 522
1000 523
1000 524
1000 525
1000 526
1000 527
1000 528
1000 529
1000 530
1000 531
1000 532
1000 533
1000 534
1000 535
1000 536
1000 537
1000 538
1000 539
1000 540
1000 541
1000 542
1000 543
1000 544
1000 545
1000 546
1000 547
1000 548
1000 549
1000 550
1000 551
1000 552
1000 553
1000 554
1000 555
1000 556
1000 557
1000 558
1000 559
1000 560
1000 561
1000 562
1000 563
1000 564
1000 565
1000 566
1000 567
1000 568
1000 569
1000 570
1000 571
1000 572
1000 573
1000 574
1000 575
1000 576
1000 577
1000 578
1000 579
1000 580
1000 581
1000 582
1000 583
1000 584
1000 585
1000 586
1000 587
1000 588
1000 589
1000 590
1000 591
1000 592
1000 593
1000 594
1000 595
1000 596
1000 597
1000 598
1000 599
1000 600
1000 601
1000 602
1000 603
1000 604
1000 605
1000 606
1000 607
1000 608
1000 609
1000 610
1000 611
1000 612
1000 613
1000 614
1000 615
1000 616
1000 617
1000 618
1000 619
1000 620
1000 621
1000 622
1000 623
1000 624
1000 625
1000 626
1000 627
1000 628
1000 629
1000 630
1000 631
1000 632
1000 633
1000 634
1000 635
1000 636
1000 637
1000 638
1000 639
1000 640
1000 641
1000 642
1000 643
1000 644
1000 645
1000 646
1000 647
1000 648
1000 649
1000 650
1000 651
1000 652
1000 653
1000 654
1000 655
1000 656
1000 657
1000 658
1000 659
1000 660
1000 661
1000 662
1000 663
1000 664
1000 665
1000 666
1000 667
1000 668
1000 669
1000 670
1000 671
1000 672
1000 673
1000 674
1000 675
1000 676
1000 677
1000 678
1000 679
1000 680
1000 681
1000 682
1000 683
1000 684
1000 685
1000 686
1000 687
1000 688
1000 689
1000 690
1000 691
1000 692
1000 693
1000 694
1000 695
1000 696
1000 697
1000 698
1000 699
1000 700
1000 701
1000 702
1000 703
1000 704
1000 705
1000 706
1000 707
1000 708
1000 709
1000 710
1000 711
1000 712
1000 713
1000 714
1000 715
1000 716
1000 717
1000 718
1000 719
1000 720
1000 721
1000 722
1000 723
1000 724
1000 725
1000 726
1000 727
1000 728
1000 729
1000 730
1000 731
1000 732
1000 733
1000 734
1000 735
1000 736
1000 737
1000 738
1000 739
1000 740
1000 741
1000 742
1000 743
1000 744
1000 745
1000 746
1000 747
1000 748
1000 749
1000 750
1000 751
1000 752
1000 753
1000 754
1000 755
1000 756
1000 757
1000 758
1000 759
1000 760
1000 761
1000 762
1000 763
1000 764
1000 765
1000 766
1000 767
1000 768
1000 769
1000 770
1000 771
1000 772
1000 773
1000 774
1000 775
1000 776
1000 777
1000 778
1000 779
1000 780
1000 781
1000 782
1000 783
1000 784
1000 785
1000 786
1000 787
1000 788
1000 789
1000 790
1000 791
1000 792
1000 793
1000 794
1000 795
1000 796
1000 797
1000 798
1000 799
1000 800
1000 801
1000 802
1000 803
1000 804
1000 805
1000 806
1000 807
1000 808
1000 809
1000 810
1000 811
1000 812
1000 813
1000 814
1000 815
1000 816
1000 817
1000 818
1000 819
1000 820
1000 821
1000 822
1000 823
1000 824
1000 825
1000 826
1000 827
1000 828
1000 829
1000 830
1000 831
1000 832
1000 833
1000 834
1000 835
1000 836
1000 837
1000 838
1000 839
1000 840
1000 841
1000 842
1000 843
1000 844
1000 845
1000 846
1000 847
1000 848
1000 849
1000 850
1000 851
1000 852
1000 853
1000 854
1000 855
1000 856
1000 857
1000 858
1000 859
1000 860
1000 861
1000 862
1000 863
1000 864
1000 865
1000 866
1000 867
1000 868
1000 869
1000 870
1000 871
1000 872
1000 873
1000 874
1000 875
1000 876
1000 877
1000 878
1000 879
1000 880
1000 881
1000 882
1000 883
1000 884
1000 885
1000 886
1000 887
1000 888
1000 889
1000 890
1000 891
1000 892
1000 893
1000 894
1000 895
1000 896
1000 897
1000 898
1000 899
1000 900
1000 901
1000 902
1000 903
1000 904
1000 905
1000 906
1000 907
1000 908
1000 909
1000 910
1000 911
1000 912
1000 913
1000 914
1000 915
1000 916
1000 917
1000 918
1000 919
1000 920
1000 921
1000 922
1000 923
1000 924
1000 925
1000 926
1000 927
1000 928
1000 929
1000 930
1000 931
1000 932
1000 933
1000 934
1000 935
1000 936
1000 937
1000 938
1000 939
1000 940
1000 941
1000 942
1000 943
1000 944
1000 945
1000 946
1000 947
1000 948
1000 949
1000 950
1000 951
1000 952
1000 953
1000 954
1000 955
1000 956
1000 957
1000 958
1000 959
1000 960
1000 961
1000 962
1000 963
1000 964
1000 965
1000 966
1000 967
1000 968
1000 969
1000 970
1000 971
1000 972
1000 973
1000 974
1000 975
1000 976
1000 977
1000 978
1000 979
1000 980
1000 981
1000 982
1000 983
1000 984
1000 985
1000 986
1000 987
1000 988
1000 989
1000 990
1000 991
1000 992
1000 993
1000 994
1000 995
1000 996
1000 997
1000 998
1000 999
1000 1000
2000 1001
2000 1002
2000 1003
2000 1004
2000 1005
2000 1006
2000 1007
2000 1008
2000 1009
2000 1010
2000 1011
2000 1012
2000 1013
2000 1014
2000 1015
2000 1016
2000 1017
2000 1018
2000 1019
2000 1020
2000 1021
2000 1022
2000 1023
2000 1024
2000 1025
2000 1026
2000 1027
2000 1028
2000 1029
2000 1030
2000 1031
2000 1032
2000 1033
2000 1034
2000 1035
2000 1036
2000 1037
2000 1038
2000 1039
2000 1040
2000 1041
2000 1042
2000 1043
2000 1044
2000 1045
2000 1046
2000 1047
2000 1048
2000 1049
2000 1050
2000 1051
2000 1052
2000 1053
2000 1054
2000 1055
2000 1056
2000 1057
2000 1058
2000 1059
2000 1060
2000 1061
2000 1062
2000 1063
2000 1064
2000 1065
2000 1066
2000 1067
2000 1068
2000 1069
2000 1070
2000 1071
2000 1072
2000 1073
2000 1074
2000 1075
2000 1076
2000 1077
2000 1078
2000 1079
2000 1080
2000 1081
2000 1082
2000 1083
2000 1084
2000 1085
2000 1086
2000 1087
2000 1088
2000 1089
2000 1090
2000 1091
2000 1092
2000 1093
2000 1094
2000 1095
2000 1096
2000 1097
2000 1098
2000 1099
2000 1100
2000 1101
2000 1102
2000 1103
2000 1104
2000 1105
2000 1106
2000 1107
2000 1108
2000 1109
2000 1110
2000 1111
2000 1112
2000 1113
2000 1114
2000 1115
2000 1116
2000 1117
2000 1118
2000 1119
2000 1120
2000 1121
2000 1122
2000 1123
2000 1124
2000 1125
2000 1126
2000 1127
2000 1128
2000 1129
2000 1130
2000 1131
2000 1132
2000 1133
2000 1134
2000 1135
2000 1136
2000 1137
2000 1138
2000 1139
2000 1140
2000 1141
2000 1142
2000 1143
2000 1144
2000 1145
2000 1146
2000 1147
2000 1148
2000 1149
2000 1150
2000 1151
2000 1152
2000 1153
2000 1154
2000 1155
2000 1156
2000 1157
2000 1158
2000 1159
2000 1160
2000 1161
2000 1162
2000 1163
2000 1164
2000 1165
2000 1166
2000 1167
2000 1168
2000 1169
2000 1170
2000 1171
2000 1172
2000 1173
2000 1174
2000 1175
2000 1176
2000 1177
2000 1178
2000 1179
2000 1180
2000 1181
2000 1182
2000 1183
2000 1184
2000 1185
2000 1186
2000 1187
2000 1188
2000 1189
2000 1190
2000 1191
2000 1192
2000 1193
2000 1194
2000 1195
2000 1196
2000 1197
2000 1198
2000 1199
2000 1200
2000 1201
2000 1202
2000 1203
2000 1204
2000 1205
2000 1206
2000 1207
2000 1208
2000 1209
2000 1210
2000 1211
2000 1212
2000 1213
2000 1214
2000 1215
2000 1216
2000 1217
2000 1218
2000 1219
2000 1220
2000 1221
2000 1222
2000 1223
2000 1224
2000 1225
2000 1226
2000 1227
2000 1228
2000 1229
2000 1230
2000 1231
2000 1232
2000 1233
2000 1234
2000 1235
2000 1236
2000 1237
2000 1238
2000 1239
2000 1240
2000 1241
2000 1242
2000 1243
2000 1244
2000 1245
2000 1246
2000 1247
2000 1248
2000 1249
2000 1250
2000 1251
2000 1252
2000 1253
2000 1254
2000 1255
2000 1256
2000 1257
2000 1258
2000 1259
2000 1260
2000 1261
2000 1262
2000 1263
2000 1264
2000 1265
2000 1266
2000 1267
2000 1268
2000 1269
2000 1270
2000 1271
2000 1272
2000 1273
2000 1274
2000 1275
2000 1276
2000 1277
2000 1278
2000 1279
2000 1280
2000 1281
2000 1282
2000 1283
2000 1284
2000 1285
2000 1286
2000 1287
2000 1288
2000 1289
2000 1290
2000 1291
2000 1292
2000 1293
2000 1294
2000 1295
2000 1296
2000 1297
2000 1298
2000 1299
2000 1300
2000 1301
2000 1302
2000 1303
2000 1304
2000 1305
2000 1306
2000 1307
2000 1308
2000 1309
2000 1310
2000 1311
2000 1312
2000 1313
2000 1314
2000 1315
2000 1316
2000 1317
2000 1318
2000 1319
2000 1320
2000 1321
2000 1322
2000 1323
2000 1324
2000 1325
2000 1326
2000 1327
2000 1328
2000 1329
2000 1330
2000 1331
2000 1332
2000 1333
2000 1334
2000 1335
2000 1336
2000 1337
2000 1338
2000 1339
2000 1340
2000 1341
2000 1342
2000 1343
2000 1344
2000 1345
2000 1346
2000 1347
2000 1348
2000 1349
2000 1350
2000 1351
2000 1352
2000 1353
2000 1354
2000 1355
2000 1356
2000 1357
2000 1358
2000 1359
2000 1360
2000 1361
2000 1362
2000 1363
2000 1364
2000 1365
2000 1366
2000 1367
2000 1368
2000 1369
2000 1370
2000 1371
2000 1372
2000 1373
2000 1374
2000 1375
2000 1376
2000 1377
2000 1378
2000 1379
2000 1380
2000 1381
2000 1382
2000 1383
2000 1384
2000 1385
2000 1386
2000 1387
2000 1388
2000 1389
2000 1390
2000 1391
2000 1392
2000 1393
2000 1394
2000 1395
2000 1396
2000 1397
2000 1398
2000 1399
2000 1400
2000 1401
2000 1402
2000 1403
2000 1404
2000 1405
2000 1406
2000 1407
2000 1408
2000 1409
2000 1410
2000 1411
2000 1412
2000 1413
2000 1414
2000 1415
2000 1416
2000 1417
2000 1418
2000 1419
2000 1420
2000 1421
2000 1422
2000 1423
2000 1424
2000 1425
2000 1426
2000 1427
2000 1428
2000 1429
2000 1430
2000 1431
2000 1432
2000 1433
2000 1434
2000 1435
2000 1436
2000 1437
2000 1438
2000 1439
2000 1440
2000 1441
2000 1442
2000 1443
2000 1444
2000 1445
2000 1446
2000 1447
2000 1448
2000 1449
2000 1450
2000 1451
2000 1452
2000 1453
2000 1454
2000 1455
2000 1456
2000 1457
2000 1458
2000 1459
2000 1460
2000 1461
2000 1462
2000 1463
2000 1464
2000 1465
2000 1466
2000 1467
2000 1468
2000 1469
2000 1470
2000 1471
2000 1472
2000 1473
2000 1474
2000 1475
2000 1476
2000 1477
2000 1478
2000 1479
2000 1480
2000 1481
2000 1482
2000 1483
2000 1484
2000 1485
2000 1486
2000 1487
2000 1488
2000 1489
2000 1490
2000 1491
2000 1492
2000 1493
2000 1494
2000 1495
2000 1496
2000 1497
2000 1498
2000 1499
2000 1500
2000 1501
2000 1502
2000 1503
2000 1504
2000 1505
2000 1506
2000 1507
2000 1508
2000 1509
2000 1510
2000 1511
2000 1512
2000 1513
2000 1514
2000 1515
2000 1516
2000 1517
2000 1518
2000 1519
2000 1520
2000 1521
2000 1522
2000 1523
2000 1524
2000 1525
2000 1526
2000 1527
2000 1528
2000 1529
2000 1530
2000 1531
2000 1532
2000 1533
2000 1534
2000 1535
2000 1536
2000 1537
2000 1538
2000 1539
2000 1540
2000 1541
2000 1542
2000 1543
2000 1544
2000 1545
2000 1546
2000 1547
2000 1548
2000 1549
2000 1550
2000 1551
2000 1552
2000 1553
2000 1554
2000 1555
2000 1556
2000 1557
2000 1558
2000 1559
2000 1560
2000 1561
2000 1562
2000 1563
2000 1564
2000 1565
2000 1566
2000 1567
2000 1568
2000 1569
2000 1570
2000 1571
2000 1572
2000 1573
2000 1574
2000 1575
2000 1576
2000 1577
2000 1578
2000 1579
2000 1580
2000 1581
2000 1582
2000 1583
2000 1584
2000 1585
2000 1586
2000 1587
2000 1588
2000 1589
2000 1590
2000 1591
2000 1592
2000 1593
2000 1594
2000 1595
2000 1596
2000 1597
2000 1598
2000 1599
2000 1600
2000 1601
2000 1602
2000 1603
2000 1604
2000 1605
2000 1606
2000 1607
2000 1608
2000 1609
2000 1610
2000 1611
2000 1612
2000 1613
2000 1614
2000 1615
2000 1616
2000 1617
2000 1618
2000 1619
2000 1620
2000 1621
2000 1622
2000 1623
2000 1624
2000 1625
2000 1626
2000 1627
2000 1628
2000 1629
2000 1630
2000 1631
2000 1632
2000 1633
2000 1634
2000 1635
2000 1636
2000 1637
2000 1638
2000 1639
2000 1640
2000 1641
2000 1642
2000 1643
2000 1644
2000 1645
2000 1646
2000 1647
2000 1648
2000 1649
2000 1650
2000 1651
2000 1652
2000 1653
2000 1654
2000 1655
2000 1656
2000 1657
2000 1658
2000 1659
2000 1660
2000 1661
2000 1662
2000 1663
2000 1664
2000 1665
2000 1666
2000 1667
2000 1668
2000 1669
2000 1670
2000 1671
2000 1672
2000 1673
2000 1674
2000 1675
2000 1676
2000 1677
2000 1678
2000 1679
2000 1680
2000 1681
2000 1682
2000 1683
2000 1684
2000 1685
2000 1686
2000 1687
2000 1688
2000 1689
2000 1690
2000 1691
2000 1692
2000 1693
2000 1694
2000 1695
2000 1696
2000 1697
2000 1698
2000 1699
2000 1700
2000 1701
2000 1702
2000 1703
2000 1704
2000 1705
2000 1706
2000 1707
2000 1708
2000 1709
2000 1710
2000 1711
2000 1712
2000 1713
2000 1714
2000 1715
2000 1716
2000 1717
2000 1718
2000 1719
2000 1720
2000 1721
2000 1722
2000 1723
2000 1724
2000 1725
2000 1726
2000 1727
2000 1728
2000 1729
2000 1730
2000 1731
2000 1732
2000 1733
2000 1734
2000 1735
2000 1736
2000 1737
2000 1738
2000 1739
2000 1740
2000 1741
2000 1742
2000 1743
2000 1744
2000 1745
2000 1746
2000 1747
2000 1748
2000 1749
2000 1750
2000 1751
2000 1752
2000 1753
2000 1754
2000 1755
2000 1756
2000 1757
2000 1758
2000 1759
2000 1760
2000 1761
2000 1762
2000 1763
2000 1764
2000 1765
2000 1766
2000 1767
2000 1768
2000 1769
2000 1770
2000 1771
2000 1772
2000 1773
2000 1774
2000 1775
2000 1776
2000 1777
2000 1778
2000 1779
2000 1780
2000 1781
2000 1782
2000 1783
2000 1784
2000 1785
2000 1786
2000 1787
2000 1788
2000 1789
2000 1790
2000 1791
2000 1792
2000 1793
2000 1794
2000 1795
2000 1796
2000 1797
2000 1798
2000 1799
2000 1800
2000 1801
2000 1802
2000 1803
2000 1804
2000 1805
2000 1806
2000 1807
2000 1808
2000 1809
2000 1810
2000 1811
2000 1812
2000 1813
2000 1814
2000 1815
2000 1816
2000 1817
2000 1818
2000 1819
2000 1820
2000 1821
2000 1822
2000 1823
2000 1824
2000 1825
2000 1826
2000 1827
2000 1828
2000 1829
2000 1830
2000 1831
2000 1832
2000 1833
2000 1834
2000 1835
2000 1836
2000 1837
2000 1838
2000 1839
2000 1840
2000 1841
2000 1842
2000 1843
2000 1844
2000 1845
2000 1846
2000 1847
2000 1848
2000 1849
2000 1850
2000 1851
2000 1852
2000 1853
2000 1854
2000 1855
2000 1856
2000 1857
2000 1858
2000 1859
2000 1860
2000 1861
2000 1862
2000 1863
2000 1864
2000 1865
2000 1866
2000 1867
2000 1868
2000 1869
2000 1870
2000 1871
2000 1872
2000 1873
2000 1874
2000 1875
2000 1876
2000 1877
2000 1878
2000 1879
2000 1880
2000 1881
2000 1882
2000 1883
2000 1884
2000 1885
2000 1886
2000 1887
2000 1888
2000 1889
2000 1890
2000 1891
2000 1892
2000 1893
2000 1894
2000 1895
2000 1896
2000 1897
2000 1898
2000 1899
2000 1900
2000 1901
2000 1902
2000 1903
2000 1904
2000 1905
2000 1906
2000 1907
2000 1908
2000 1909
2000 1910
2000 1911
2000 1912
2000 1913
2000 1914
2000 1915
2000 1916
2000 1917
2000 1918
2000 1919
2000 1920
2000 1921
2000 1922
2000 1923
2000 1924
2000 1925
2000 1926
2000 1927
2000 1928
2000 1929
2000 1930
2000 1931
2000 1932
2000 1933
2000 1934
2000 1935
2000 1936
2000 1937
2000 1938
2000 1939
2000 1940
2000 1941
2000 1942
2000 1943
2000 1944
2000 1945
2000 1946
2000 1947
2000 1948
2000 1949
2000 1950
2000 1951
2000 1952
2000 1953
2000 1954
2000 1955
2000 1956
2000 1957
2000 1958
2000 1959
2000 1960
2000 1961
2000 1962
2000 1963
2000 1964
2000 1965
2000 1966
2000 1967
2000 1968
2000 1969
2000 1970
2000 1971
2000 1972
2000 1973
2000 1974
2000 1975
2000 1976
2000 1977
2000 1978
2000 1979
2000 1980
2000 1981
2000 1982
2000 1983
2000 1984
2000 1985
2000 1986
2000 1987
2000 1988
2000 1989
2000 1990
2000 1991
2000 1992
2000 1993
2000 1994
2000 1995
2000 1996
2000 1997
2000 1998
2000 1999
2000 2000
4000 2001
4000 2002
4000 2003
4000 2004
4000 2005
4000 2006
4000 2007
4000 2008
4000 2009
4000 2010
4000 2011
4000 2012
4000 2013
4000 2014
4000 2015
4000 2016
4000 2017
4000 2018
4000 2019
4000 2020
4000 2021
4000 2022
4000 2023
4000 2024
4000 2025
4000 2026
4000 2027
4000 2028
4000 2029
4000 2030
4000 2031
4000 2032
4000 2033
4000 2034
4000 2035
4000 2036
4000 2037
4000 2038
4000 2039
4000 2040
4000 2041
4000 2042
4000 2043
4000 2044
4000 2045
4000 2046
4000 2047
4000 2048
4000 2049
4000 2050
4000 2051
4000 2052
4000 2053
4000 2054
4000 2055
4000 2056
4000 2057
4000 2058
4000 2059
4000 2060
4000 2061
4000 2062
4000 2063
4000 2064
4000 2065
4000 2066
4000 2067
4000 2068
4000 2069
4000 2070
4000 2071
4000 2072
4000 2073
4000 2074
4000 2075
4000 2076
4000 2077
4000 2078
4000 2079
4000 2080
4000 2081
4000 2082
4000 2083
4000 2084
4000 2085
4000 2086
4000 2087
4000 2088
4000 2089
4000 2090
4000 2091
4000 2092
4000 2093
4000 2094
4000 2095
4000 2096
4000 2097
4000 2098
4000 2099
4000 2100
4000 2101
4000 2102
4000 2103
4000 2104
4000 2105
4000 2106
4000 2107
4000 2108
4000 2109
4000 2110
4000 2111
4000 2112
4000 2113
4000 2114
4000 2115
4000 2116
4000 2117
4000 2118
4000 2119
4000 2120
4000 2121
4000 2122
4000 2123
4000 2124
4000 2125
4000 2126
4000 2127
4000 2128
4000 2129
4000 2130
4000 2131
4000 2132
4000 2133
4000 2134
4000 2135
4000 2136
4000 2137
4000 2138
4000 2139
4000 2140
4000 2141
4000 2142
4000 2143
4000 2144
4000 2145
4000 2146
4000 2147
4000 2148
4000 2149
4000 2150
4000 2151
4000 2152
4000 2153
4000 2154
4000 2155
4000 2156
4000 2157
4000 2158
4000 2159
4000 2160
4000 2161
4000 2162
4000 2163
4000 2164
4000 2165
4000 2166
4000 2167
4000 2168
4000 2169
4000 2170
4000 2171
4000 2172
4000 2173
4000 2174
4000 2175
4000 2176
4000 2177
4000 2178
4000 2179
4000 2180
4000 2181
4000 2182
4000 2183
4000 2184
4000 2185
4000 2186
4000 2187
4000 2188
4000 2189
4000 2190
4000 2191
4000 2192
4000 2193
4000 2194
4000 2195
4000 2196
4000 2197
4000 2198
4000 2199
4000 2200
4000 2201
4000 2202
4000 2203
4000 2204
4000 2205
4000 2206
4000 2207
4000 2208
4000 2209
4000 2210
4000 2211
4000 2212
4000 2213
4000 2214
4000 2215
4000 2216
4000 2217
4000 2218
4000 2219
4000 2220
4000 2221
4000 2222
4000 2223
4000 2224
4000 2225
4000 2226
4000 2227
4000 2228
4000 2229
4000 2230
4000 2231
4000 2232
4000 2233
4000 2234
4000 2235
4000 2236
4000 2237
4000 2238
4000 2239
4000 2240
4000 2241
4000 2242
4000 2243
4000 2244
4000 2245
4000 2246
4000 2247
4000 2248
4000 2249
4000 2250
4000 2251
4000 2252
4000 2253
4000 2254
4000 2255
4000 2256
4000 2257
4000 2258
4000 2259
4000 2260
4000 2261
4000 2262
4000 2263
4000 2264
4000 2265
4000 2266
4000 2267
4000 2268
4000 2269
4000 2270
4000 2271
4000 2272
4000 2273
4000 2274
4000 2275
4000 2276
4000 2277
4000 2278
4000 2279
4000 2280
4000 2281
4000 2282
4000 2283
4000 2284
4000 2285
4000 2286
4000 2287
4000 2288
4000 2289
4000 2290
4000 2291
4000 2292
4000 2293
4000 2294
4000 2295
4000 2296
4000 2297
4000 2298
4000 2299
4000 2300
4000 2301
4000 2302
4000 2303
4000 2304
4000 2305
4000 2306
4000 2307
4000 2308
4000 2309
4000 2310
4000 2311
4000 2312
4000 2313
4000 2314
4000 2315
4000 2316
4000 2317
4000 2318
4000 2319
4000 2320
4000 2321
4000 2322
4000 2323
4000 2324
4000 2325
4000 2326
4000 2327
4000 2328
4000 2329
4000 2330
4000 2331
4000 2332
4000 2333
4000 2334
4000 2335
4000 2336
4000 2337
4000 2338
4000 2339
4000 2340
4000 2341
4000 2342
4000 2343
4000 2344
4000 2345
4000 2346
4000 2347
4000 2348
4000 2349
4000 2350
4000 2351
4000 2352
4000 2353
4000 2354
4000 2355
4000 2356
4000 2357
4000 2358
4000 2359
4000 2360
4000 2361
4000 2362
4000 2363
4000 2364
4000 2365
4000 2366
4000 2367
4000 2368
4000 2369
4000 2370
4000 2371
4000 2372
4000 2373
4000 2374
4000 2375
4000 2376
4000 2377
4000 2378
4000 2379
4000 2380
4000 2381
4000 2382
4000 2383
4000 2384
4000 2385
4000 2386
4000 2387
4000 2388
4000 2389
4000 2390
4000 2391
4000 2392
4000 2393
4000 2394
4000 2395
4000 2396
4000 2397
4000 2398
4000 2399
4000 2400
4000 2401
4000 2402
4000 2403
4000 2404
4000 2405
4000 2406
4000 2407
4000 2408
4000 2409
4000 2410
4000 2411
4000 2412
4000 2413
4000 2414
4000 2415
4000 2416
4000 2417
4000 2418
4000 2419
4000 2420
4000 2421
4000 2422
4000 2423
4000 2424
4000 2425
4000 2426
4000 2427
4000 2428
4000 2429
4000 2430
4000 2431
4000 2432
4000 2433
4000 2434
4000 2435
4000 2436
4000 2437
4000 2438
4000 2439
4000 2440
4000 2441
4000 2442
4000 2443
4000 2444
4000 2445
4000 2446
4000 2447
4000 2448
4000 2449
4000 2450
4000 2451
4000 2452
4000 2453
4000 2454
4000 2455
4000 2456
4000 2457
4000 2458
4000 2459
4000 2460
4000 2461
4000 2462
4000 2463
4000 2464
4000 2465
4000 2466
4000 2467
4000 2468
4000 2469
4000 2470
4000 2471
4000 2472
4000 2473
4000 2474
4000 2475
4000 2476
4000 2477
4000 2478
4000 2479
4000 2480
4000 2481
4000 2482
4000 2483
4000 2484
4000 2485
4000 2486
4000 2487
4000 2488
4000 2489
4000 2490
4000 2491
4000 2492
4000 2493
4000 2494
4000 2495
4000 2496
4000 2497
4000 2498
4000 2499
4000 2500
4000 2501
4000 2502
4000 2503
4000 2504
4000 2505
4000 2506
4000 2507
4000 2508
4000 2509
4000 2510
4000 2511
4000 2512
4000 2513
4000 2514
4000 2515
4000 2516
4000 2517
4000 2518
4000 2519
4000 2520
4000 2521
4000 2522
4000 2523
4000 2524
4000 2525
4000 2526
4000 2527
4000 2528
4000 2529
4000 2530
4000 2531
4000 2532
4000 2533
4000 2534
4000 2535
4000 2536
4000 2537
4000 2538
4000 2539
4000 2540
4000 2541
4000 2542
4000 2543
4000 2544
4000 2545
4000 2546
4000 2547
4000 2548
4000 2549
4000 2550
4000 2551
4000 2552
4000 2553
4000 2554
4000 2555
4000 2556
4000 2557
4000 2558
4000 2559
4000 2560
4000 2561
4000 2562
4000 2563
4000 2564
4000 2565
4000 2566
4000 2567
4000 2568
4000 2569
4000 2570
4000 2571
4000 2572
4000 2573
4000 2574
4000 2575
4000 2576
4000 2577
4000 2578
4000 2579
4000 2580
4000 2581
4000 2582
4000 2583
4000 2584
4000 2585
4000 2586
4000 2587
4000 2588
4000 2589
4000 2590
4000 2591
4000 2592
4000 2593
4000 2594
4000 2595
4000 2596
4000 2597
4000 2598
4000 2599
4000 2600
4000 2601
4000 2602
4000 2603
4000 2604
4000 2605
4000 2606
4000 2607
4000 2608
4000 2609
4000 2610
4000 2611
4000 2612
4000 2613
4000 2614
4000 2615
4000 2616
4000 2617
4000 2618
4000 2619
4000 2620
4000 2621
4000 2622
4000 2623
4000 2624
4000 2625
4000 2626
4000 2627
4000 2628
4000 2629
4000 2630
4000 2631
4000 2632
4000 2633
4000 2634
4000 2635
4000 2636
4000 2637
4000 2638
4000 2639
4000 2640
4000 2641
4000 2642
4000 2643
4000 2644
4000 2645
4000 2646
4000 2647
4000 2648
4000 2649
4000 2650
4000 2651
4000 2652
4000 2653
4000 2654
4000 2655
4000 2656
4000 2657
4000 2658
4000 2659
4000 2660
4000 2661
4000 2662
4000 2663
4000 2664
4000 2665
4000 2666
4000 2667
4000 2668
4000 2669
4000 2670
4000 2671
4000 2672
4000 2673
4000 2674
4000 2675
4000 2676
4000 2677
4000 2678
4000 2679
4000 2680
4000 2681
4000 2682
4000 2683
4000 2684
4000 2685
4000 2686
4000 2687
4000 2688
4000 2689
4000 2690
4000 2691
4000 2692
4000 2693
4000 2694
4000 2695
4000 2696
4000 2697
4000 2698
4000 2699
4000 2700
4000 2701
4000 2702
4000 2703
4000 2704
4000 2705
4000 2706
4000 2707
4000 2708
4000 2709
4000 2710
4000 2711
4000 2712
4000 2713
4000 2714
4000 2715
4000 2716
4000 2717
4000 2718
4000 2719
4000 2720
4000 2721
4000 2722
4000 2723
4000 2724
4000 2725
4000 2726
4000 2727
4000 2728
4000 2729
4000 2730
4000 2731
4000 2732
4000 2733
4000 2734
4000 2735
4000 2736
4000 2737
4000 2738
4000 2739
4000 2740
4000 2741
4000 2742
4000 2743
4000 2744
4000 2745
4000 2746
4000 2747
4000 2748
4000 2749
4000 2750
4000 2751
4000 2752
4000 2753
4000 2754
4000 2755
4000 2756
4000 2757
4000 2758
4000 2759
4000 2760
4000 2761
4000 2762
4000 2763
4000 2764
4000 2765
4000 2766
4000 2767
4000 2768
4000 2769
4000 2770
4000 2771
4000 2772
4000 2773
4000 2774
4000 2775
4000 2776
4000 2777
4000 2778
4000 2779
4000 2780
4000 2781
4000 2782
4000 2783
4000 2784
4000 2785
4000 2786
4000 2787
4000 2788
4000 2789
4000 2790
4000 2791
4000 2792
4000 2793
4000 2794
4000 2795
4000 2796
4000 2797
4000 2798
4000 2799
4000 2800
4000 2801
4000 2802
4000 2803
4000 2804
4000 2805
4000 2806
4000 2807
4000 2808
4000 2809
4000 2810
4000 2811
4000 2812
4000 2813
4000 2814
4000 2815
4000 2816
4000 2817
4000 2818
4000 2819
4000 2820
4000 2821
4000 2822
4000 2823
4000 2824
4000 2825
4000 2826
4000 2827
4000 2828
4000 2829
4000 2830
4000 2831
4000 2832
4000 2833
4000 2834
4000 2835
4000 2836
4000 2837
4000 2838
4000 2839
4000 2840
4000 2841
4000 2842
4000 2843
4000 2844
4000 2845
4000 2846
4000 2847
4000 2848
4000 2849
4000 2850
4000 2851
4000 2852
4000 2853
4000 2854
4000 2855
4000 2856
4000 2857
4000 2858
4000 2859
4000 2860
4000 2861
4000 2862
4000 2863
4000 2864
4000 2865
4000 2866
4000 2867
4000 2868
4000 2869
4000 2870
4000 2871
4000 2872
4000 2873
4000 2874
4000 2875
4000 2876
4000 2877
4000 2878
4000 2879
4000 2880
4000 2881
4000 2882
4000 2883
4000 2884
4000 2885
4000 2886
4000 2887
4000 2888
4000 2889
4000 2890
4000 2891
4000 2892
4000 2893
4000 2894
4000 2895
4000 2896
4000 2897
4000 2898
4000 2899
4000 2900
4000 2901
4000 2902
4000 2903
4000 2904
4000 2905
4000 2906
4000 2907
4000 2908
4000 2909
4000 2910
4000 2911
4000 2912
4000 2913
4000 2914
4000 2915
4000 2916
4000 2917
4000 2918
4000 2919
4000 2920
4000 2921
4000 2922
4000 2923
4000 2924
4000 2925
4000 2926
4000 2927
4000 2928
4000 2929
4000 2930
4000 2931
4000 2932
4000 2933
4000 2934
4000 2935
4000 2936
4000 2937
4000 2938
4000 2939
4000 2940
4000 2941
4000 2942
4000 2943
4000 2944
4000 2945
4000 2946
4000 2947
4000 2948
4000 2949
4000 2950
4000 2951
4000 2952
4000 2953
4000 2954
4000 2955
4000 2956
4000 2957
4000 2958
4000 2959
4000 2960
4000 2961
4000 2962
4000 2963
4000 2964
4000 2965
4000 2966
4000 2967
4000 2968
4000 2969
4000 2970
4000 2971
4000 2972
4000 2973
4000 2974
4000 2975
4000 2976
4000 2977
4000 2978
4000 2979
4000 2980
4000 2981
4000 2982
4000 2983
4000 2984
4000 2985
4000 2986
4000 2987
4000 2988
4000 2989
4000 2990
4000 2991
4000 2992
4000 2993
4000 2994
4000 2995
4000 2996
4000 2997
4000 2998
4000 2999
4000 3000
4000 3001
4000 3002
4000 3003
4000 3004
4000 3005
4000 3006
4000 3007
4000 3008
4000 3009
4000 3010
4000 3011
4000 3012
4000 3013
4000 3014
4000 3015
4000 3016
4000 3017
4000 3018
4000 3019
4000 3020
4000 3021
4000 3022
4000 3023
4000 3024
4000 3025
4000 3026
4000 3027
4000 3028
4000 3029
4000 3030
4000 3031
4000 3032
4000 3033
4000 3034
4000 3035
4000 3036
4000 3037
4000 3038
4000 3039
4000 3040
4000 3041
4000 3042
4000 3043
4000 3044
4000 3045
4000 3046
4000 3047
4000 3048
4000 3049
4000 3050
4000 3051
4000 3052
4000 3053
4000 3054
4000 3055
4000 3056
4000 3057
4000 3058
4000 3059
4000 3060
4000 3061
4000 3062
4000 3063
4000 3064
4000 3065
4000 3066
4000 3067
4000 3068
4000 3069
4000 3070
4000 3071
4000 3072
4000 3073
4000 3074
4000 3075
4000 3076
4000 3077
4000 3078
4000 3079
4000 3080
4000 3081
4000 3082
4000 3083
4000 3084
4000 3085
4000 3086
4000 3087
4000 3088
4000 3089
4000 3090
4000 3091
4000 3092
4000 3093
4000 3094
4000 3095
4000 3096
4000 3097
4000 3098
4000 3099
4000 3100
4000 3101
4000 3102
4000 3103
4000 3104
4000 3105
4000 3106
4000 3107
4000 3108
4000 3109
4000 3110
4000 3111
4000 3112
4000 3113
4000 3114
4000 3115
4000 3116
4000 3117
4000 3118
4000 3119
4000 3120
4000 3121
4000 3122
4000 3123
4000 3124
4000 3125
4000 3126
4000 3127
4000 3128
4000 3129
4000 3130
4000 3131
4000 3132
4000 3133
4000 3134
4000 3135
4000 3136
4000 3137
4000 3138
4000 3139
4000 3140
4000 3141
4000 3142
4000 3143
4000 3144
4000 3145
4000 3146
4000 3147
4000 3148
4000 3149
4000 3150
4000 3151
4000 3152
4000 3153
4000 3154
4000 3155
4000 3156
4000 3157
4000 3158
4000 3159
4000 3160
4000 3161
4000 3162
4000 3163
4000 3164
4000 3165
4000 3166
4000 3167
4000 3168
4000 3169
4000 3170
4000 3171
4000 3172
4000 3173
4000 3174
4000 3175
4000 3176
4000 3177
4000 3178
4000 3179
4000 3180
4000 3181
4000 3182
4000 3183
4000 3184
4000 3185
4000 3186
4000 3187
4000 3188
4000 3189
4000 3190
4000 3191
4000 3192
4000 3193
4000 3194
4000 3195
4000 3196
4000 3197
4000 3198
4000 3199
4000 3200
4000 3201
4000 3202
4000 3203
4000 3204
4000 3205
4000 3206
4000 3207
4000 3208
4000 3209
4000 3210
4000 3211
4000 3212
4000 3213
4000 3214
4000 3215
4000 3216
4000 3217
4000 3218
4000 3219
4000 3220
4000 3221
4000 3222
4000 3223
4000 3224
4000 3225
4000 3226
4000 3227
4000 3228
4000 3229
4000 3230
4000 3231
4000 3232
4000 3233
4000 3234
4000 3235
4000 3236
4000 3237
4000 3238
4000 3239
4000 3240
4000 3241
4000 3242
4000 3243
4000 3244
4000 3245
4000 3246
4000 3247
4000 3248
4000 3249
4000 3250
4000 3251
4000 3252
4000 3253
4000 3254
4000 3255
4000 3256
4000 3257
4000 3258
4000 3259
4000 3260
4000 3261
4000 3262
4000 3263
4000 3264
4000 3265
4000 3266
4000 3267
4000 3268
4000 3269
4000 3270
4000 3271
4000 3272
4000 3273
4000 3274
4000 3275
4000 3276
4000 3277
4000 3278
4000 3279
4000 3280
4000 3281
4000 3282
4000 3283
4000 3284
4000 3285
4000 3286
4000 3287
4000 3288
4000 3289
4000 3290
4000 3291
4000 3292
4000 3293
4000 3294
4000 3295
4000 3296
4000 3297
4000 3298
4000 3299
4000 3300
4000 3301
4000 3302
4000 3303
4000 3304
4000 3305
4000 3306
4000 3307
4000 3308
4000 3309
4000 3310
4000 3311
4000 3312
4000 3313
4000 3314
4000 3315
4000 3316
4000 3317
4000 3318
4000 3319
4000 3320
4000 3321
4000 3322
4000 3323
4000 3324
4000 3325
4000 3326
4000 3327
4000 3328
4000 3329
4000 3330
4000 3331
4000 3332
4000 3333
4000 3334
4000 3335
4000 3336
4000 3337
4000 3338
4000 3339
4000 3340
4000 3341
4000 3342
4000 3343
4000 3344
4000 3345
4000 3346
4000 3347
4000 3348
4000 3349
4000 3350
4000 3351
4000 3352
4000 3353
4000 3354
4000 3355
4000 3356
4000 3357
4000 3358
4000 3359
4000 3360
4000 3361
4000 3362
4000 3363
4000 3364
4000 3365
4000 3366
4000 3367
4000 3368
4000 3369
4000 3370
4000 3371
4000 3372
4000 3373
4000 3374
4000 3375
4000 3376
4000 3377
4000 3378
4000 3379
4000 3380
4000 3381
4000 3382
4000 3383
4000 3384
4000 3385
4000 3386
4000 3387
4000 3388
4000 3389
4000 3390
4000 3391
4000 3392
4000 3393
4000 3394
4000 3395
4000 3396
4000 3397
4000 3398
4000 3399
4000 3400
4000 3401
4000 3402
4000 3403
4000 3404
4000 3405
4000 3406
4000 3407
4000 3408
4000 3409
4000 3410
4000 3411
4000 3412
4000 3413
4000 3414
4000 3415
4000 3416
4000 3417
4000 3418
4000 3419
4000 3420
4000 3421
4000 3422
4000 3423
4000 3424
4000 3425
4000 3426
4000 3427
4000 3428
4000 3429
4000 3430
4000 3431
4000 3432
4000 3433
4000 3434
4000 3435
4000 3436
4000 3437
4000 3438
4000 3439
4000 3440
4000 3441
4000 3442
4000 3443
4000 3444
4000 3445
4000 3446
4000 3447
4000 3448
4000 3449
4000 3450
4000 3451
4000 3452
4000 3453
4000 3454
4000 3455
4000 3456
4000 3457
4000 3458
4000 3459
4000 3460
4000 3461
4000 3462
4000 3463
4000 3464
4000 3465
4000 3466
4000 3467
4000 3468
4000 3469
4000 3470
4000 3471
4000 3472
4000 3473
4000 3474
4000 3475
4000 3476
4000 3477
4000 3478
4000 3479
4000 3480
4000 3481
4000 3482
4000 3483
4000 3484
4000 3485
4000 3486
4000 3487
4000 3488
4000 3489
4000 3490
4000 3491
4000 3492
4000 3493
4000 3494
4000 3495
4000 3496
4000 3497
4000 3498
4000 3499
4000 3500
4000 3501
4000 3502
4000 3503
4000 3504
4000 3505
4000 3506
4000 3507
4000 3508
4000 3509
4000 3510
4000 3511
4000 3512
4000 3513
4000 3514
4000 3515
4000 3516
4000 3517
4000 3518
4000 3519
4000 3520
4000 3521
4000 3522
4000 3523
4000 3524
4000 3525
4000 3526
4000 3527
4000 3528
4000 3529
4000 3530
4000 3531
4000 3532
4000 3533
4000 3534
4000 3535
4000 3536
4000 3537
4000 3538
4000 3539
4000 3540
4000 3541
4000 3542
4000 3543
4000 3544
4000 3545
4000 3546
4000 3547
4000 3548
4000 3549
4000 3550
4000 3551
4000 3552
4000 3553
4000 3554
4000 3555
4000 3556
4000 3557
4000 3558
4000 3559
4000 3560
4000 3561
4000 3562
4000 3563
4000 3564
4000 3565
4000 3566
4000 3567
4000 3568
4000 3569
4000 3570
4000 3571
4000 3572
4000 3573
4000 3574
4000 3575
4000 3576
4000 3577
4000 3578
4000 3579
4000 3580
4000 3581
4000 3582
4000 3583
4000 3584
4000 3585
4000 3586
4000 3587
4000 3588
4000 3589
4000 3590
4000 3591
4000 3592
4000 3593
4000 3594
4000 3595
4000 3596
4000 3597
4000 3598
4000 3599
4000 3600
4000 3601
4000 3602
4000 3603
4000 3604
4000 3605
4000 3606
4000 3607
4000 3608
4000 3609
4000 3610
4000 3611
4000 3612
4000 3613
4000 3614
4000 3615
4000 3616
4000 3617
4000 3618
4000 3619
4000 3620
4000 3621
4000 3622
4000 3623
4000 3624
4000 3625
4000 3626
4000 3627
4000 3628
4000 3629
4000 3630
4000 3631
4000 3632
4000 3633
4000 3634
4000 3635
4000 3636
4000 3637
4000 3638
4000 3639
4000 3640
4000 3641
4000 3642
4000 3643
4000 3644
4000 3645
4000 3646
4000 3647
4000 3648
4000 3649
4000 3650
4000 3651
4000 3652
4000 3653
4000 3654
4000 3655
4000 3656
4000 3657
4000 3658
4000 3659
4000 3660
4000 3661
4000 3662
4000 3663
4000 3664
4000 3665
4000 3666
4000 3667
4000 3668
4000 3669
4000 3670
4000 3671
4000 3672
4000 3673
4000 3674
4000 3675
4000 3676
4000 3677
4000 3678
4000 3679
4000 3680
4000 3681
4000 3682
4000 3683
4000 3684
4000 3685
4000 3686
4000 3687
4000 3688
4000 3689
4000 3690
4000 3691
4000 3692
4000 3693
4000 3694
4000 3695
4000 3696
4000 3697
4000 3698
4000 3699
4000 3700
4000 3701
4000 3702
4000 3703
4000 3704
4000 3705
4000 3706
4000 3707
4000 3708
4000 3709
4000 3710
4000 3711
4000 3712
4000 3713
4000 3714
4000 3715
4000 3716
4000 3717
4000 3718
4000 3719
4000 3720
4000 3721
4000 3722
4000 3723
4000 3724
4000 3725
4000 3726
4000 3727
4000 3728
4000 3729
4000 3730
4000 3731
4000 3732
4000 3733
4000 3734
4000 3735
4000 3736
4000 3737
4000 3738
4000 3739
4000 3740
4000 3741
4000 3742
4000 3743
4000 3744
4000 3745
4000 3746
4000 3747
4000 3748
4000 3749
4000 3750
4000 3751
4000 3752
4000 3753
4000 3754
4000 3755
4000 3756
4000 3757
4000 3758
4000 3759
4000 3760
4000 3761
4000 3762
4000 3763
4000 3764
4000 3765
4000 3766
4000 3767
4000 3768
4000 3769
4000 3770
4000 3771
4000 3772
4000 3773
4000 3774
4000 3775
4000 3776
4000 3777
4000 3778
4000 3779
4000 3780
4000 3781
4000 3782
4000 3783
4000 3784
4000 3785
4000 3786
4000 3787
4000 3788
4000 3789
4000 3790
4000 3791
4000 3792
4000 3793
4000 3794
4000 3795
4000 3796
4000 3797
4000 3798
4000 3799
4000 3800
4000 3801
4000 3802
4000 3803
4000 3804
4000 3805
4000 3806
4000 3807
4000 3808
4000 3809
4000 3810
4000 3811
4000 3812
4000 3813
4000 3814
4000 3815
4000 3816
4000 3817
4000 3818
4000 3819
4000 3820
4000 3821
4000 3822
4000 3823
4000 3824
4000 3825
4000 3826
4000 3827
4000 3828
4000 3829
4000 3830
4000 3831
4000 3832
4000 3833
4000 3834
4000 3835
4000 3836
4000 3837
4000 3838
4000 3839
4000 3840
4000 3841
4000 3842
4000 3843
4000 3844
4000 3845
4000 3846
4000 3847
4000 3848
4000 3849
4000 3850
4000 3851
4000 3852
4000 3853
4000 3854
4000 3855
4000 3856
4000 3857
4000 3858
4000 3859
4000 3860
4000 3861
4000 3862
4000 3863
4000 3864
4000 3865
4000 3866
4000 3867
4000 3868
4000 3869
4000 3870
4000 3871
4000 3872
4000 3873
4000 3874
4000 3875
4000 3876
4000 3877
4000 3878
4000 3879
4000 3880
4000 3881
4000 3882
4000 3883
4000 3884
4000 3885
4000 3886
4000 3887
4000 3888
4000 3889
4000 3890
4000 3891
4000 3892
4000 3893
4000 3894
4000 3895
4000 3896
4000 3897
4000 3898
4000 3899
4000 3900
4000 3901
4000 3902
4000 3903
4000 3904
4000 3905
4000 3906
4000 3907
4000 3908
4000 3909
4000 3910
4000 3911
4000 3912
4000 3913
4000 3914
4000 3915
4000 3916
4000 3917
4000 3918
4000 3919
4000 3920
4000 3921
4000 3922
4000 3923
4000 3924
4000 3925
4000 3926
4000 3927
4000 3928
4000 3929
4000 3930
4000 3931
4000 3932
4000 3933
4000 3934
4000 3935
4000 3936
4000 3937
4000 3938
4000 3939
4000 3940
4000 3941
4000 3942
4000 3943
4000 3944
4000 3945
4000 3946
4000 3947
4000 3948
4000 3949
4000 3950
4000 3951
4000 3952
4000 3953
4000 3954
4000 3955
4000 3956
4000 3957
4000 3958
4000 3959
4000 3960
4000 3961
4000 3962
4000 3963
4000 3964
4000 3965
4000 3966
4000 3967
4000 3968
4000 3969
4000 3970
4000 3971
4000 3972
4000 3973
4000 3974
4000 3975
4000 3976
4000 3977
4000 3978
4000 3979
4000 3980
4000 3981
4000 3982
4000 3983
4000 3984
4000 3985
4000 3986
4000 3987
4000 3988
4000 3989
4000 3990
4000 3991
4000 3992
4000 3993
4000 3994
4000 3995
4000 3996
4000 3997
4000 3998
4000 3999
4000 4000
8000 4001
8000 4002
8000 4003
8000 4004
8000 4005
8000 4006
8000 4007
8000 4008
8000 4009
8000 4010
8000 4011
8000 4012
8000 4013
8000 4014
8000 4015
8000 4016
8000 4017
8000 4018
8000 4019
8000 4020
8000 4021
8000 4022
8000 4023
8000 4024
8000 4025
8000 4026
8000 4027
8000 4028
8000 4029
8000 4030
8000 4031
8000 4032
8000 4033
8000 4034
8000 4035
8000 4036
8000 4037
8000 4038
8000 4039
8000 4040
8000 4041
8000 4042
8000 4043
8000 4044
8000 4045
8000 4046
8000 4047
8000 4048
8000 4049
8000 4050
8000 4051
8000 4052
8000 4053
8000 4054
8000 4055
8000 4056
8000 4057
8000 4058
8000 4059
8000 4060
8000 4061
8000 4062
8000 4063
8000 4064
8000 4065
8000 4066
8000 4067
8000 4068
8000 4069
8000 4070
8000 4071
8000 4072
8000 4073
8000 4074
8000 4075
8000 4076
8000 4077
8000 4078
8000 4079
8000 4080
8000 4081
8000 4082
8000 4083
8000 4084
8000 4085
8000 4086
8000 4087
8000 4088
8000 4089
8000 4090
8000 4091
8000 4092
8000 4093
8000 4094
8000 4095
8000 4096
8000 4097
8000 4098
8000 4099
8000 4100
8000 4101
8000 4102
8000 4103
8000 4104
8000 4105
8000 4106
8000 4107
8000 4108
8000 4109
8000 4110
8000 4111
8000 4112
8000 4113
8000 4114
8000 4115
8000 4116
8000 4117
8000 4118
8000 4119
8000 4120
8000 4121
8000 4122
8000 4123
8000 4124
8000 4125
8000 4126
8000 4127
8000 4128
8000 4129
8000 4130
8000 4131
8000 4132
8000 4133
8000 4134
8000 4135
8000 4136
8000 4137
8000 4138
8000 4139
8000 4140
8000 4141
8000 4142
8000 4143
8000 4144
8000 4145
8000 4146
8000 4147
8000 4148
8000 4149
8000 4150
8000 4151
8000 4152
8000 4153
8000 4154
8000 4155
8000 4156
8000 4157
8000 4158
8000 4159
8000 4160
8000 4161
8000 4162
8000 4163
8000 4164
8000 4165
8000 4166
8000 4167
8000 4168
8000 4169
8000 4170
8000 4171
8000 4172
8000 4173
8000 4174
8000 4175
8000 4176
8000 4177
8000 4178
8000 4179
8000 4180
8000 4181
8000 4182
8000 4183
8000 4184
8000 4185
8000 4186
8000 4187
8000 4188
8000 4189
8000 4190
8000 4191
8000 4192
8000 4193
8000 4194
8000 4195
8000 4196
8000 4197
8000 4198
8000 4199
8000 4200
8000 4201
8000 4202
8000 4203
8000 4204
8000 4205
8000 4206
8000 4207
8000 4208
8000 4209
8000 4210
8000 4211
8000 4212
8000 4213
8000 4214
8000 4215
8000 4216
8000 4217
8000 4218
8000 4219
8000 4220
8000 4221
8000 4222
8000 4223
8000 4224
8000 4225
8000 4226
8000 4227
8000 4228
8000 4229
8000 4230
8000 4231
8000 4232
8000 4233
8000 4234
8000 4235
8000 4236
8000 4237
8000 4238
8000 4239
8000 4240
8000 4241
8000 4242
8000 4243
8000 4244
8000 4245
8000 4246
8000 4247
8000 4248
8000 4249
8000 4250
8000 4251
8000 4252
8000 4253
8000 4254
8000 4255
8000 4256
8000 4257
8000 4258
8000 4259
8000 4260
8000 4261
8000 4262
8000 4263
8000 4264
8000 4265
8000 4266
8000 4267
8000 4268
8000 4269
8000 4270
8000 4271
8000 4272
8000 4273
8000 4274
8000 4275
8000 4276
8000 4277
8000 4278
8000 4279
8000 4280
8000 4281
8000 4282
8000 4283
8000 4284
8000 4285
8000 4286
8000 4287
8000 4288
8000 4289
8000 4290
8000 4291
8000 4292
8000 4293
8000 4294
8000 4295
8000 4296
8000 4297
8000 4298
8000 4299
8000 4300
8000 4301
8000 4302
8000 4303
8000 4304
8000 4305
8000 4306
8000 4307
8000 4308
8000 4309
8000 4310
8000 4311
8000 4312
8000 4313
8000 4314
8000 4315
8000 4316
8000 4317
8000 4318
8000 4319
8000 4320
8000 4321
8000 4322
8000 4323
8000 4324
8000 4325
8000 4326
8000 4327
8000 4328
8000 4329
8000 4330
8000 4331
8000 4332
8000 4333
8000 4334
8000 4335
8000 4336
8000 4337
8000 4338
8000 4339
8000 4340
8000 4341
8000 4342
8000 4343
8000 4344
8000 4345
8000 4346
8000 4347
8000 4348
8000 4349
8000 4350
8000 4351
8000 4352
8000 4353
8000 4354
8000 4355
8000 4356
8000 4357
8000 4358
8000 4359
8000 4360
8000 4361
8000 4362
8000 4363
8000 4364
8000 4365
8000 4366
8000 4367
8000 4368
8000 4369
8000 4370
8000 4371
8000 4372
8000 4373
8000 4374
8000 4375
8000 4376
8000 4377
8000 4378
8000 4379
8000 4380
8000 4381
8000 4382
8000 4383
8000 4384
8000 4385
8000 4386
8000 4387
8000 4388
8000 4389
8000 4390
8000 4391
8000 4392
8000 4393
8000 4394
8000 4395
8000 4396
8000 4397
8000 4398
8000 4399
8000 4400
8000 4401
8000 4402
8000 4403
8000 4404
8000 4405
8000 4406
8000 4407
8000 4408
8000 4409
8000 4410
8000 4411
8000 4412
8000 4413
8000 4414
8000 4415
8000 4416
8000 4417
8000 4418
8000 4419
8000 4420
8000 4421
8000 4422
8000 4423
8000 4424
8000 4425
8000 4426
8000 4427
8000 4428
8000 4429
8000 4430
8000 4431
8000 4432
8000 4433
8000 4434
8000 4435
8000 4436
8000 4437
8000 4438
8000 4439
8000 4440
8000 4441
8000 4442
8000 4443
8000 4444
8000 4445
8000 4446
8000 4447
8000 4448
8000 4449
8000 4450
8000 4451
8000 4452
8000 4453
8000 4454
8000 4455
8000 4456
8000 4457
8000 4458
8000 4459
8000 4460
8000 4461
8000 4462
8000 4463
8000 4464
8000 4465
8000 4466
8000 4467
8000 4468
8000 4469
8000 4470
8000 4471
8000 4472
8000 4473
8000 4474
8000 4475
8000 4476
8000 4477
8000 4478
8000 4479
8000 4480
8000 4481
8000 4482
8000 4483
8000 4484
8000 4485
8000 4486
8000 4487
8000 4488
8000 4489
8000 4490
8000 4491
8000 4492
8000 4493
8000 4494
8000 4495
8000 4496
8000 4497
8000 4498
8000 4499
8000 4500
8000 4501
8000 4502
8000 4503
8000 4504
8000 4505
8000 4506
8000 4507
8000 4508
8000 4509
8000 4510
8000 4511
8000 4512
8000 4513
8000 4514
8000 4515
8000 4516
8000 4517
8000 4518
8000 4519
8000 4520
8000 4521
8000 4522
8000 4523
8000 4524
8000 4525
8000 4526
8000 4527
8000 4528
8000 4529
8000 4530
8000 4531
8000 4532
8000 4533
8000 4534
8000 4535
8000 4536
8000 4537
8000 4538
8000 4539
8000 4540
8000 4541
8000 4542
8000 4543
8000 4544
8000 4545
8000 4546
8000 4547
8000 4548
8000 4549
8000 4550
8000 4551
8000 4552
8000 4553
8000 4554
8000 4555
8000 4556
8000 4557
8000 4558
8000 4559
8000 4560
8000 4561
8000 4562
8000 4563
8000 4564
8000 4565
8000 4566
8000 4567
8000 4568
8000 4569
8000 4570
8000 4571
8000 4572
8000 4573
8000 4574
8000 4575
8000 4576
8000 4577
8000 4578
8000 4579
8000 4580
8000 4581
8000 4582
8000 4583
8000 4584
8000 4585
8000 4586
8000 4587
8000 4588
8000 4589
8000 4590
8000 4591
8000 4592
8000 4593
8000 4594
8000 4595
8000 4596
8000 4597
8000 4598
8000 4599
8000 4600
8000 4601
8000 4602
8000 4603
8000 4604
8000 4605
8000 4606
8000 4607
8000 4608
8000 4609
8000 4610
8000 4611
8000 4612
8000 4613
8000 4614
8000 4615
8000 4616
8000 4617
8000 4618
8000 4619
8000 4620
8000 4621
8000 4622
8000 4623
8000 4624
8000 4625
8000 4626
8000 4627
8000 4628
8000 4629
8000 4630
8000 4631
8000 4632
8000 4633
8000 4634
8000 4635
8000 4636
8000 4637
8000 4638
8000 4639
8000 4640
8000 4641
8000 4642
8000 4643
8000 4644
8000 4645
8000 4646
8000 4647
8000 4648
8000 4649
8000 4650
8000 4651
8000 4652
8000 4653
8000 4654
8000 4655
8000 4656
8000 4657
8000 4658
8000 4659
8000 4660
8000 4661
8000 4662
8000 4663
8000 4664
8000 4665
8000 4666
8000 4667
8000 4668
8000 4669
8000 4670
8000 4671
8000 4672
8000 4673
8000 4674
8000 4675
8000 4676
8000 4677
8000 4678
8000 4679
8000 4680
8000 4681
8000 4682
8000 4683
8000 4684
8000 4685
8000 4686
8000 4687
8000 4688
8000 4689
8000 4690
8000 4691
8000 4692
8000 4693
8000 4694
8000 4695
8000 4696
8000 4697
8000 4698
8000 4699
8000 4700
8000 4701
8000 4702
8000 4703
8000 4704
8000 4705
8000 4706
8000 4707
8000 4708
8000 4709
8000 4710
8000 4711
8000 4712
8000 4713
8000 4714
8000 4715
8000 4716
8000 4717
8000 4718
8000 4719
8000 4720
8000 4721
8000 4722
8000 4723
8000 4724
8000 4725
8000 4726
8000 4727
8000 4728
8000 4729
8000 4730
8000 4731
8000 4732
8000 4733
8000 4734
8000 4735
8000 4736
8000 4737
8000 4738
8000 4739
8000 4740
8000 4741
8000 4742
8000 4743
8000 4744
8000 4745
8000 4746
8000 4747
8000 4748
8000 4749
8000 4750
8000 4751
8000 4752
8000 4753
8000 4754
8000 4755
8000 4756
8000 4757
8000 4758
8000 4759
8000 4760
8000 4761
8000 4762
8000 4763
8000 4764
8000 4765
8000 4766
8000 4767
8000 4768
8000 4769
8000 4770
8000 4771
8000 4772
8000 4773
8000 4774
8000 4775
8000 4776
8000 4777
8000 4778
8000 4779
8000 4780
8000 4781
8000 4782
8000 4783
8000 4784
8000 4785
8000 4786
8000 4787
8000 4788
8000 4789
8000 4790
8000 4791
8000 4792
8000 4793
8000 4794
8000 4795
8000 4796
8000 4797
8000 4798
8000 4799
8000 4800
8000 4801
8000 4802
8000 4803
8000 4804
8000 4805
8000 4806
8000 4807
8000 4808
8000 4809
8000 4810
8000 4811
8000 4812
8000 4813
8000 4814
8000 4815
8000 4816
8000 4817
8000 4818
8000 4819
8000 4820
8000 4821
8000 4822
8000 4823
8000 4824
8000 4825
8000 4826
8000 4827
8000 4828
8000 4829
8000 4830
8000 4831
8000 4832
8000 4833
8000 4834
8000 4835
8000 4836
8000 4837
8000 4838
8000 4839
8000 4840
8000 4841
8000 4842
8000 4843
8000 4844
8000 4845
8000 4846
8000 4847
8000 4848
8000 4849
8000 4850
8000 4851
8000 4852
8000 4853
8000 4854
8000 4855
8000 4856
8000 4857
8000 4858
8000 4859
8000 4860
8000 4861
8000 4862
8000 4863
8000 4864
8000 4865
8000 4866
8000 4867
8000 4868
8000 4869
8000 4870
8000 4871
8000 4872
8000 4873
8000 4874
8000 4875
8000 4876
8000 4877
8000 4878
8000 4879
8000 4880
8000 4881
8000 4882
8000 4883
8000 4884
8000 4885
8000 4886
8000 4887
8000 4888
8000 4889
8000 4890
8000 4891
8000 4892
8000 4893
8000 4894
8000 4895
8000 4896
8000 4897
8000 4898
8000 4899
8000 4900
8000 4901
8000 4902
8000 4903
8000 4904
8000 4905
8000 4906
8000 4907
8000 4908
8000 4909
8000 4910
8000 4911
8000 4912
8000 4913
8000 4914
8000 4915
8000 4916
8000 4917
8000 4918
8000 4919
8000 4920
8000 4921
8000 4922
8000 4923
8000 4924
8000 4925
8000 4926
8000 4927
8000 4928
8000 4929
8000 4930
8000 4931
8000 4932
8000 4933
8000 4934
8000 4935
8000 4936
8000 4937
8000 4938
8000 4939
8000 4940
8000 4941
8000 4942
8000 4943
8000 4944
8000 4945
8000 4946
8000 4947
8000 4948
8000 4949
8000 4950
8000 4951
8000 4952
8000 4953
8000 4954
8000 4955
8000 4956
8000 4957
8000 4958
8000 4959
8000 4960
8000 4961
8000 4962
8000 4963
8000 4964
8000 4965
8000 4966
8000 4967
8000 4968
8000 4969
8000 4970
8000 4971
8000 4972
8000 4973
8000 4974
8000 4975
8000 4976
8000 4977
8000 4978
8000 4979
8000 4980
8000 4981
8000 4982
8000 4983
8000 4984
8000 4985
8000 4986
8000 4987
8000 4988
8000 4989
8000 4990
8000 4991
8000 4992
8000 4993
8000 4994
8000 4995
8000 4996
8000 4997
8000 4998
8000 4999
8000 5000
8000 5001
8000 5002
8000 5003
8000 5004
8000 5005
8000 5006
8000 5007
8000 5008
8000 5009
8000 5010
8000 5011
8000 5012
8000 5013
8000 5014
8000 5015
8000 5016
8000 5017
8000 5018
8000 5019
8000 5020
8000 5021
8000 5022
8000 5023
8000 5024
8000 5025
8000 5026
8000 5027
8000 5028
8000 5029
8000 5030
8000 5031
8000 5032
8000 5033
8000 5034
8000 5035
8000 5036
8000 5037
8000 5038
8000 5039
8000 5040
8000 5041
8000 5042
8000 5043
8000 5044
8000 5045
8000 5046
8000 5047
8000 5048
8000 5049
8000 5050
8000 5051
8000 5052
8000 5053
8000 5054
8000 5055
8000 5056
8000 5057
8000 5058
8000 5059
8000 5060
8000 5061
8000 5062
8000 5063
8000 5064
8000 5065
8000 5066
8000 5067
8000 5068
8000 5069
8000 5070
8000 5071
8000 5072
8000 5073
8000 5074
8000 5075
8000 5076
8000 5077
8000 5078
8000 5079
8000 5080
8000 5081
8000 5082
8000 5083
8000 5084
8000 5085
8000 5086
8000 5087
8000 5088
8000 5089
8000 5090
8000 5091
8000 5092
8000 5093
8000 5094
8000 5095
8000 5096
8000 5097
8000 5098
8000 5099
8000 5100
8000 5101
8000 5102
8000 5103
8000 5104
8000 5105
8000 5106
8000 5107
8000 5108
8000 5109
8000 5110
8000 5111
8000 5112
8000 5113
8000 5114
8000 5115
8000 5116
8000 5117
8000 5118
8000 5119
8000 5120
8000 5121
8000 5122
8000 5123
8000 5124
8000 5125
8000 5126
8000 5127
8000 5128
8000 5129
8000 5130
8000 5131
8000 5132
8000 5133
8000 5134
8000 5135
8000 5136
8000 5137
8000 5138
8000 5139
8000 5140
8000 5141
8000 5142
8000 5143
8000 5144
8000 5145
8000 5146
8000 5147
8000 5148
8000 5149
8000 5150
8000 5151
8000 5152
8000 5153
8000 5154
8000 5155
8000 5156
8000 5157
8000 5158
8000 5159
8000 5160
8000 5161
8000 5162
8000 5163
8000 5164
8000 5165
8000 5166
8000 5167
8000 5168
8000 5169
8000 5170
8000 5171
8000 5172
8000 5173
8000 5174
8000 5175
8000 5176
8000 5177
8000 5178
8000 5179
8000 5180
8000 5181
8000 5182
8000 5183
8000 5184
8000 5185
8000 5186
8000 5187
8000 5188
8000 5189
8000 5190
8000 5191
8000 5192
8000 5193
8000 5194
8000 5195
8000 5196
8000 5197
8000 5198
8000 5199
8000 5200
8000 5201
8000 5202
8000 5203
8000 5204
8000 5205
8000 5206
8000 5207
8000 5208
8000 5209
8000 5210
8000 5211
8000 5212
8000 5213
8000 5214
8000 5215
8000 5216
8000 5217
8000 5218
8000 5219
8000 5220
8000 5221
8000 5222
8000 5223
8000 5224
8000 5225
8000 5226
8000 5227
8000 5228
8000 5229
8000 5230
8000 5231
8000 5232
8000 5233
8000 5234
8000 5235
8000 5236
8000 5237
8000 5238
8000 5239
8000 5240
8000 5241
8000 5242
8000 5243
8000 5244
8000 5245
8000 5246
8000 5247
8000 5248
8000 5249
8000 5250
8000 5251
8000 5252
8000 5253
8000 5254
8000 5255
8000 5256
8000 5257
8000 5258
8000 5259
8000 5260
8000 5261
8000 5262
8000 5263
8000 5264
8000 5265
8000 5266
8000 5267
8000 5268
8000 5269
8000 5270
8000 5271
8000 5272
8000 5273
8000 5274
8000 5275
8000 5276
8000 5277
8000 5278
8000 5279
8000 5280
8000 5281
8000 5282
8000 5283
8000 5284
8000 5285
8000 5286
8000 5287
8000 5288
8000 5289
8000 5290
8000 5291
8000 5292
8000 5293
8000 5294
8000 5295
8000 5296
8000 5297
8000 5298
8000 5299
8000 5300
8000 5301
8000 5302
8000 5303
8000 5304
8000 5305
8000 5306
8000 5307
8000 5308
8000 5309
8000 5310
8000 5311
8000 5312
8000 5313
8000 5314
8000 5315
8000 5316
8000 5317
8000 5318
8000 5319
8000 5320
8000 5321
8000 5322
8000 5323
8000 5324
8000 5325
8000 5326
8000 5327
8000 5328
8000 5329
8000 5330
8000 5331
8000 5332
8000 5333
8000 5334
8000 5335
8000 5336
8000 5337
8000 5338
8000 5339
8000 5340
8000 5341
8000 5342
8000 5343
8000 5344
8000 5345
8000 5346
8000 5347
8000 5348
8000 5349
8000 5350
8000 5351
8000 5352
8000 5353
8000 5354
8000 5355
8000 5356
8000 5357
8000 5358
8000 5359
8000 5360
8000 5361
8000 5362
8000 5363
8000 5364
8000 5365
8000 5366
8000 5367
8000 5368
8000 5369
8000 5370
8000 5371
8000 5372
8000 5373
8000 5374
8000 5375
8000 5376
8000 5377
8000 5378
8000 5379
8000 5380
8000 5381
8000 5382
8000 5383
8000 5384
8000 5385
8000 5386
8000 5387
8000 5388
8000 5389
8000 5390
8000 5391
8000 5392
8000 5393
8000 5394
8000 5395
8000 5396
8000 5397
8000 5398
8000 5399
8000 5400
8000 5401
8000 5402
8000 5403
8000 5404
8000 5405
8000 5406
8000 5407
8000 5408
8000 5409
8000 5410
8000 5411
8000 5412
8000 5413
8000 5414
8000 5415
8000 5416
8000 5417
8000 5418
8000 5419
8000 5420
8000 5421
8000 5422
8000 5423
8000 5424
8000 5425
8000 5426
8000 5427
8000 5428
8000 5429
8000 5430
8000 5431
8000 5432
8000 5433
8000 5434
8000 5435
8000 5436
8000 5437
8000 5438
8000 5439
8000 5440
8000 5441
8000 5442
8000 5443
8000 5444
8000 5445
8000 5446
8000 5447
8000 5448
8000 5449
8000 5450
8000 5451
8000 5452
8000 5453
8000 5454
8000 5455
8000 5456
8000 5457
8000 5458
8000 5459
8000 5460
8000 5461
8000 5462
8000 5463
8000 5464
8000 5465
8000 5466
8000 5467
8000 5468
8000 5469
8000 5470
8000 5471
8000 5472
8000 5473
8000 5474
8000 5475
8000 5476
8000 5477
8000 5478
8000 5479
8000 5480
8000 5481
8000 5482
8000 5483
8000 5484
8000 5485
8000 5486
8000 5487
8000 5488
8000 5489
8000 5490
8000 5491
8000 5492
8000 5493
8000 5494
8000 5495
8000 5496
8000 5497
8000 5498
8000 5499
8000 5500
8000 5501
8000 5502
8000 5503
8000 5504
8000 5505
8000 5506
8000 5507
8000 5508
8000 5509
8000 5510
8000 5511
8000 5512
8000 5513
8000 5514
8000 5515
8000 5516
8000 5517
8000 5518
8000 5519
8000 5520
8000 5521
8000 5522
8000 5523
8000 5524
8000 5525
8000 5526
8000 5527
8000 5528
8000 5529
8000 5530
8000 5531
8000 5532
8000 5533
8000 5534
8000 5535
8000 5536
8000 5537
8000 5538
8000 5539
8000 5540
8000 5541
8000 5542
8000 5543
8000 5544
8000 5545
8000 5546
8000 5547
8000 5548
8000 5549
8000 5550
8000 5551
8000 5552
8000 5553
8000 5554
8000 5555
8000 5556
8000 5557
8000 5558
8000 5559
8000 5560
8000 5561
8000 5562
8000 5563
8000 5564
8000 5565
8000 5566
8000 5567
8000 5568
8000 5569
8000 5570
8000 5571
8000 5572
8000 5573
8000 5574
8000 5575
8000 5576
8000 5577
8000 5578
8000 5579
8000 5580
8000 5581
8000 5582
8000 5583
8000 5584
8000 5585
8000 5586
8000 5587
8000 5588
8000 5589
8000 5590
8000 5591
8000 5592
8000 5593
8000 5594
8000 5595
8000 5596
8000 5597
8000 5598
8000 5599
8000 5600
8000 5601
8000 5602
8000 5603
8000 5604
8000 5605
8000 5606
8000 5607
8000 5608
8000 5609
8000 5610
8000 5611
8000 5612
8000 5613
8000 5614
8000 5615
8000 5616
8000 5617
8000 5618
8000 5619
8000 5620
8000 5621
8000 5622
8000 5623
8000 5624
8000 5625
8000 5626
8000 5627
8000 5628
8000 5629
8000 5630
8000 5631
8000 5632
8000 5633
8000 5634
8000 5635
8000 5636
8000 5637
8000 5638
8000 5639
8000 5640
8000 5641
8000 5642
8000 5643
8000 5644
8000 5645
8000 5646
8000 5647
8000 5648
8000 5649
8000 5650
8000 5651
8000 5652
8000 5653
8000 5654
8000 5655
8000 5656
8000 5657
8000 5658
8000 5659
8000 5660
8000 5661
8000 5662
8000 5663
8000 5664
8000 5665
8000 5666
8000 5667
8000 5668
8000 5669
8000 5670
8000 5671
8000 5672
8000 5673
8000 5674
8000 5675
8000 5676
8000 5677
8000 5678
8000 5679
8000 5680
8000 5681
8000 5682
8000 5683
8000 5684
8000 5685
8000 5686
8000 5687
8000 5688
8000 5689
8000 5690
8000 5691
8000 5692
8000 5693
8000 5694
8000 5695
8000 5696
8000 5697
8000 5698
8000 5699
8000 5700
8000 5701
8000 5702
8000 5703
8000 5704
8000 5705
8000 5706
8000 5707
8000 5708
8000 5709
8000 5710
8000 5711
8000 5712
8000 5713
8000 5714
8000 5715
8000 5716
8000 5717
8000 5718
8000 5719
8000 5720
8000 5721
8000 5722
8000 5723
8000 5724
8000 5725
8000 5726
8000 5727
8000 5728
8000 5729
8000 5730
8000 5731
8000 5732
8000 5733
8000 5734
8000 5735
8000 5736
8000 5737
8000 5738
8000 5739
8000 5740
8000 5741
8000 5742
8000 5743
8000 5744
8000 5745
8000 5746
8000 5747
8000 5748
8000 5749
8000 5750
8000 5751
8000 5752
8000 5753
8000 5754
8000 5755
8000 5756
8000 5757
8000 5758
8000 5759
8000 5760
8000 5761
8000 5762
8000 5763
8000 5764
8000 5765
8000 5766
8000 5767
8000 5768
8000 5769
8000 5770
8000 5771
8000 5772
8000 5773
8000 5774
8000 5775
8000 5776
8000 5777
8000 5778
8000 5779
8000 5780
8000 5781
8000 5782
8000 5783
8000 5784
8000 5785
8000 5786
8000 5787
8000 5788
8000 5789
8000 5790
8000 5791
8000 5792
8000 5793
8000 5794
8000 5795
8000 5796
8000 5797
8000 5798
8000 5799
8000 5800
8000 5801
8000 5802
8000 5803
8000 5804
8000 5805
8000 5806
8000 5807
8000 5808
8000 5809
8000 5810
8000 5811
8000 5812
8000 5813
8000 5814
8000 5815
8000 5816
8000 5817
8000 5818
8000 5819
8000 5820
8000 5821
8000 5822
8000 5823
8000 5824
8000 5825
8000 5826
8000 5827
8000 5828
8000 5829
8000 5830
8000 5831
8000 5832
8000 5833
8000 5834
8000 5835
8000 5836
8000 5837
8000 5838
8000 5839
8000 5840
8000 5841
8000 5842
8000 5843
8000 5844
8000 5845
8000 5846
8000 5847
8000 5848
8000 5849
8000 5850
8000 5851
8000 5852
8000 5853
8000 5854
8000 5855
8000 5856
8000 5857
8000 5858
8000 5859
8000 5860
8000 5861
8000 5862
8000 5863
8000 5864
8000 5865
8000 5866
8000 5867
8000 5868
8000 5869
8000 5870
8000 5871
8000 5872
8000 5873
8000 5874
8000 5875
8000 5876
8000 5877
8000 5878
8000 5879
8000 5880
8000 5881
8000 5882
8000 5883
8000 5884
8000 5885
8000 5886
8000 5887
8000 5888
8000 5889
8000 5890
8000 5891
8000 5892
8000 5893
8000 5894
8000 5895
8000 5896
8000 5897
8000 5898
8000 5899
8000 5900
8000 5901
8000 5902
8000 5903
8000 5904
8000 5905
8000 5906
8000 5907
8000 5908
8000 5909
8000 5910
8000 5911
8000 5912
8000 5913
8000 5914
8000 5915
8000 5916
8000 5917
8000 5918
8000 5919
8000 5920
8000 5921
8000 5922
8000 5923
8000 5924
8000 5925
8000 5926
8000 5927
8000 5928
8000 5929
8000 5930
8000 5931
8000 5932
8000 5933
8000 5934
8000 5935
8000 5936
8000 5937
8000 5938
8000 5939
8000 5940
8000 5941
8000 5942
8000 5943
8000 5944
8000 5945
8000 5946
8000 5947
8000 5948
8000 5949
8000 5950
8000 5951
8000 5952
8000 5953
8000 5954
8000 5955
8000 5956
8000 5957
8000 5958
8000 5959
8000 5960
8000 5961
8000 5962
8000 5963
8000 5964
8000 5965
8000 5966
8000 5967
8000 5968
8000 5969
8000 5970
8000 5971
8000 5972
8000 5973
8000 5974
8000 5975
8000 5976
8000 5977
8000 5978
8000 5979
8000 5980
8000 5981
8000 5982
8000 5983
8000 5984
8000 5985
8000 5986
8000 5987
8000 5988
8000 5989
8000 5990
8000 5991
8000 5992
8000 5993
8000 5994
8000 5995
8000 5996
8000 5997
8000 5998
8000 5999
8000 6000
8000 6001
8000 6002
8000 6003
8000 6004
8000 6005
8000 6006
8000 6007
8000 6008
8000 6009
8000 6010
8000 6011
8000 6012
8000 6013
8000 6014
8000 6015
8000 6016
8000 6017
8000 6018
8000 6019
8000 6020
8000 6021
8000 6022
8000 6023
8000 6024
8000 6025
8000 6026
8000 6027
8000 6028
8000 6029
8000 6030
8000 6031
8000 6032
8000 6033
8000 6034
8000 6035
8000 6036
8000 6037
8000 6038
8000 6039
8000 6040
8000 6041
8000 6042
8000 6043
8000 6044
8000 6045
8000 6046
8000 6047
8000 6048
8000 6049
8000 6050
8000 6051
8000 6052
8000 6053
8000 6054
8000 6055
8000 6056
8000 6057
8000 6058
8000 6059
8000 6060
8000 6061
8000 6062
8000 6063
8000 6064
8000 6065
8000 6066
8000 6067
8000 6068
8000 6069
8000 6070
8000 6071
8000 6072
8000 6073
8000 6074
8000 6075
8000 6076
8000 6077
8000 6078
8000 6079
8000 6080
8000 6081
8000 6082
8000 6083
8000 6084
8000 6085
8000 6086
8000 6087
8000 6088
8000 6089
8000 6090
8000 6091
8000 6092
8000 6093
8000 6094
8000 6095
8000 6096
8000 6097
8000 6098
8000 6099
8000 6100
8000 6101
8000 6102
8000 6103
8000 6104
8000 6105
8000 6106
8000 6107
8000 6108
8000 6109
8000 6110
8000 6111
8000 6112
8000 6113
8000 6114
8000 6115
8000 6116
8000 6117
8000 6118
8000 6119
8000 6120
8000 6121
8000 6122
8000 6123
8000 6124
8000 6125
8000 6126
8000 6127
8000 6128
8000 6129
8000 6130
8000 6131
8000 6132
8000 6133
8000 6134
8000 6135
8000 6136
8000 6137
8000 6138
8000 6139
8000 6140
8000 6141
8000 6142
8000 6143
8000 6144
8000 6145
8000 6146
8000 6147
8000 6148
8000 6149
8000 6150
8000 6151
8000 6152
8000 6153
8000 6154
8000 6155
8000 6156
8000 6157
8000 6158
8000 6159
8000 6160
8000 6161
8000 6162
8000 6163
8000 6164
8000 6165
8000 6166
8000 6167
8000 6168
8000 6169
8000 6170
8000 6171
8000 6172
8000 6173
8000 6174
8000 6175
8000 6176
8000 6177
8000 6178
8000 6179
8000 6180
8000 6181
8000 6182
8000 6183
8000 6184
8000 6185
8000 6186
8000 6187
8000 6188
8000 6189
8000 6190
8000 6191
8000 6192
8000 6193
8000 6194
8000 6195
8000 6196
8000 6197
8000 6198
8000 6199
8000 6200
8000 6201
8000 6202
8000 6203
8000 6204
8000 6205
8000 6206
8000 6207
8000 6208
8000 6209
8000 6210
8000 6211
8000 6212
8000 6213
8000 6214
8000 6215
8000 6216
8000 6217
8000 6218
8000 6219
8000 6220
8000 6221
8000 6222
8000 6223
8000 6224
8000 6225
8000 6226
8000 6227
8000 6228
8000 6229
8000 6230
8000 6231
8000 6232
8000 6233
8000 6234
8000 6235
8000 6236
8000 6237
8000 6238
8000 6239
8000 6240
8000 6241
8000 6242
8000 6243
8000 6244
8000 6245
8000 6246
8000 6247
8000 6248
8000 6249
8000 6250
8000 6251
8000 6252
8000 6253
8000 6254
8000 6255
8000 6256
8000 6257
8000 6258
8000 6259
8000 6260
8000 6261
8000 6262
8000 6263
8000 6264
8000 6265
8000 6266
8000 6267
8000 6268
8000 6269
8000 6270
8000 6271
8000 6272
8000 6273
8000 6274
8000 6275
8000 6276
8000 6277
8000 6278
8000 6279
8000 6280
8000 6281
8000 6282
8000 6283
8000 6284
8000 6285
8000 6286
8000 6287
8000 6288
8000 6289
8000 6290
8000 6291
8000 6292
8000 6293
8000 6294
8000 6295
8000 6296
8000 6297
8000 6298
8000 6299
8000 6300
8000 6301
8000 6302
8000 6303
8000 6304
8000 6305
8000 6306
8000 6307
8000 6308
8000 6309
8000 6310
8000 6311
8000 6312
8000 6313
8000 6314
8000 6315
8000 6316
8000 6317
8000 6318
8000 6319
8000 6320
8000 6321
8000 6322
8000 6323
8000 6324
8000 6325
8000 6326
8000 6327
8000 6328
8000 6329
8000 6330
8000 6331
8000 6332
8000 6333
8000 6334
8000 6335
8000 6336
8000 6337
8000 6338
8000 6339
8000 6340
8000 6341
8000 6342
8000 6343
8000 6344
8000 6345
8000 6346
8000 6347
8000 6348
8000 6349
8000 6350
8000 6351
8000 6352
8000 6353
8000 6354
8000 6355
8000 6356
8000 6357
8000 6358
8000 6359
8000 6360
8000 6361
8000 6362
8000 6363
8000 6364
8000 6365
8000 6366
8000 6367
8000 6368
8000 6369
8000 6370
8000 6371
8000 6372
8000 6373
8000 6374
8000 6375
8000 6376
8000 6377
8000 6378
8000 6379
8000 6380
8000 6381
8000 6382
8000 6383
8000 6384
8000 6385
8000 6386
8000 6387
8000 6388
8000 6389
8000 6390
8000 6391
8000 6392
8000 6393
8000 6394
8000 6395
8000 6396
8000 6397
8000 6398
8000 6399
8000 6400
8000 6401
8000 6402
8000 6403
8000 6404
8000 6405
8000 6406
8000 6407
8000 6408
8000 6409
8000 6410
8000 6411
8000 6412
8000 6413
8000 6414
8000 6415
8000 6416
8000 6417
8000 6418
8000 6419
8000 6420
8000 6421
8000 6422
8000 6423
8000 6424
8000 6425
8000 6426
8000 6427
8000 6428
8000 6429
8000 6430
8000 6431
8000 6432
8000 6433
8000 6434
8000 6435
8000 6436
8000 6437
8000 6438
8000 6439
8000 6440
8000 6441
8000 6442
8000 6443
8000 6444
8000 6445
8000 6446
8000 6447
8000 6448
8000 6449
8000 6450
8000 6451
8000 6452
8000 6453
8000 6454
8000 6455
8000 6456
8000 6457
8000 6458
8000 6459
8000 6460
8000 6461
8000 6462
8000 6463
8000 6464
8000 6465
8000 6466
8000 6467
8000 6468
8000 6469
8000 6470
8000 6471
8000 6472
8000 6473
8000 6474
8000 6475
8000 6476
8000 6477
8000 6478
8000 6479
8000 6480
8000 6481
8000 6482
8000 6483
8000 6484
8000 6485
8000 6486
8000 6487
8000 6488
8000 6489
8000 6490
8000 6491
8000 6492
8000 6493
8000 6494
8000 6495
8000 6496
8000 6497
8000 6498
8000 6499
8000 6500
8000 6501
8000 6502
8000 6503
8000 6504
8000 6505
8000 6506
8000 6507
8000 6508
8000 6509
8000 6510
8000 6511
8000 6512
8000 6513
8000 6514
8000 6515
8000 6516
8000 6517
8000 6518
8000 6519
8000 6520
8000 6521
8000 6522
8000 6523
8000 6524
8000 6525
8000 6526
8000 6527
8000 6528
8000 6529
8000 6530
8000 6531
8000 6532
8000 6533
8000 6534
8000 6535
8000 6536
8000 6537
8000 6538
8000 6539
8000 6540
8000 6541
8000 6542
8000 6543
8000 6544
8000 6545
8000 6546
8000 6547
8000 6548
8000 6549
8000 6550
8000 6551
8000 6552
8000 6553
8000 6554
8000 6555
8000 6556
8000 6557
8000 6558
8000 6559
8000 6560
8000 6561
8000 6562
8000 6563
8000 6564
8000 6565
8000 6566
8000 6567
8000 6568
8000 6569
8000 6570
8000 6571
8000 6572
8000 6573
8000 6574
8000 6575
8000 6576
8000 6577
8000 6578
8000 6579
8000 6580
8000 6581
8000 6582
8000 6583
8000 6584
8000 6585
8000 6586
8000 6587
8000 6588
8000 6589
8000 6590
8000 6591
8000 6592
8000 6593
8000 6594
8000 6595
8000 6596
8000 6597
8000 6598
8000 6599
8000 6600
8000 6601
8000 6602
8000 6603
8000 6604
8000 6605
8000 6606
8000 6607
8000 6608
8000 6609
8000 6610
8000 6611
8000 6612
8000 6613
8000 6614
8000 6615
8000 6616
8000 6617
8000 6618
8000 6619
8000 6620
8000 6621
8000 6622
8000 6623
8000 6624
8000 6625
8000 6626
8000 6627
8000 6628
8000 6629
8000 6630
8000 6631
8000 6632
8000 6633
8000 6634
8000 6635
8000 6636
8000 6637
8000 6638
8000 6639
8000 6640
8000 6641
8000 6642
8000 6643
8000 6644
8000 6645
8000 6646
8000 6647
8000 6648
8000 6649
8000 6650
8000 6651
8000 6652
8000 6653
8000 6654
8000 6655
8000 6656
8000 6657
8000 6658
8000 6659
8000 6660
8000 6661
8000 6662
8000 6663
8000 6664
8000 6665
8000 6666
8000 6667
8000 6668
8000 6669
8000 6670
8000 6671
8000 6672
8000 6673
8000 6674
8000 6675
8000 6676
8000 6677
8000 6678
8000 6679
8000 6680
8000 6681
8000 6682
8000 6683
8000 6684
8000 6685
8000 6686
8000 6687
8000 6688
8000 6689
8000 6690
8000 6691
8000 6692
8000 6693
8000 6694
8000 6695
8000 6696
8000 6697
8000 6698
8000 6699
8000 6700
8000 6701
8000 6702
8000 6703
8000 6704
8000 6705
8000 6706
8000 6707
8000 6708
8000 6709
8000 6710
8000 6711
8000 6712
8000 6713
8000 6714
8000 6715
8000 6716
8000 6717
8000 6718
8000 6719
8000 6720
8000 6721
8000 6722
8000 6723
8000 6724
8000 6725
8000 6726
8000 6727
8000 6728
8000 6729
8000 6730
8000 6731
8000 6732
8000 6733
8000 6734
8000 6735
8000 6736
8000 6737
8000 6738
8000 6739
8000 6740
8000 6741
8000 6742
8000 6743
8000 6744
8000 6745
8000 6746
8000 6747
8000 6748
8000 6749
8000 6750
8000 6751
8000 6752
8000 6753
8000 6754
8000 6755
8000 6756
8000 6757
8000 6758
8000 6759
8000 6760
8000 6761
8000 6762
8000 6763
8000 6764
8000 6765
8000 6766
8000 6767
8000 6768
8000 6769
8000 6770
8000 6771
8000 6772
8000 6773
8000 6774
8000 6775
8000 6776
8000 6777
8000 6778
8000 6779
8000 6780
8000 6781
8000 6782
8000 6783
8000 6784
8000 6785
8000 6786
8000 6787
8000 6788
8000 6789
8000 6790
8000 6791
8000 6792
8000 6793
8000 6794
8000 6795
8000 6796
8000 6797
8000 6798
8000 6799
8000 6800
8000 6801
8000 6802
8000 6803
8000 6804
8000 6805
8000 6806
8000 6807
8000 6808
8000 6809
8000 6810
8000 6811
8000 6812
8000 6813
8000 6814
8000 6815
8000 6816
8000 6817
8000 6818
8000 6819
8000 6820
8000 6821
8000 6822
8000 6823
8000 6824
8000 6825
8000 6826
8000 6827
8000 6828
8000 6829
8000 6830
8000 6831
8000 6832
8000 6833
8000 6834
8000 6835
8000 6836
8000 6837
8000 6838
8000 6839
8000 6840
8000 6841
8000 6842
8000 6843
8000 6844
8000 6845
8000 6846
8000 6847
8000 6848
8000 6849
8000 6850
8000 6851
8000 6852
8000 6853
8000 6854
8000 6855
8000 6856
8000 6857
8000 6858
8000 6859
8000 6860
8000 6861
8000 6862
8000 6863
8000 6864
8000 6865
8000 6866
8000 6867
8000 6868
8000 6869
8000 6870
8000 6871
8000 6872
8000 6873
8000 6874
8000 6875
8000 6876
8000 6877
8000 6878
8000 6879
8000 6880
8000 6881
8000 6882
8000 6883
8000 6884
8000 6885
8000 6886
8000 6887
8000 6888
8000 6889
8000 6890
8000 6891
8000 6892
8000 6893
8000 6894
8000 6895
8000 6896
8000 6897
8000 6898
8000 6899
8000 6900
8000 6901
8000 6902
8000 6903
8000 6904
8000 6905
8000 6906
8000 6907
8000 6908
8000 6909
8000 6910
8000 6911
8000 6912
8000 6913
8000 6914
8000 6915
8000 6916
8000 6917
8000 6918
8000 6919
8000 6920
8000 6921
8000 6922
8000 6923
8000 6924
8000 6925
8000 6926
8000 6927
8000 6928
8000 6929
8000 6930
8000 6931
8000 6932
8000 6933
8000 6934
8000 6935
8000 6936
8000 6937
8000 6938
8000 6939
8000 6940
8000 6941
8000 6942
8000 6943
8000 6944
8000 6945
8000 6946
8000 6947
8000 6948
8000 6949
8000 6950
8000 6951
8000 6952
8000 6953
8000 6954
8000 6955
8000 6956
8000 6957
8000 6958
8000 6959
8000 6960
8000 6961
8000 6962
8000 6963
8000 6964
8000 6965
8000 6966
8000 6967
8000 6968
8000 6969
8000 6970
8000 6971
8000 6972
8000 6973
8000 6974
8000 6975
8000 6976
8000 6977
8000 6978
8000 6979
8000 6980
8000 6981
8000 6982
8000 6983
8000 6984
8000 6985
8000 6986
8000 6987
8000 6988
8000 6989
8000 6990
8000 6991
8000 6992
8000 6993
8000 6994
8000 6995
8000 6996
8000 6997
8000 6998
8000 6999
8000 7000
8000 7001
8000 7002
8000 7003
8000 7004
8000 7005
8000 7006
8000 7007
8000 7008
8000 7009
8000 7010
8000 7011
8000 7012
8000 7013
8000 7014
8000 7015
8000 7016
8000 7017
8000 7018
8000 7019
8000 7020
8000 7021
8000 7022
8000 7023
8000 7024
8000 7025
8000 7026
8000 7027
8000 7028
8000 7029
8000 7030
8000 7031
8000 7032
8000 7033
8000 7034
8000 7035
8000 7036
8000 7037
8000 7038
8000 7039
8000 7040
8000 7041
8000 7042
8000 7043
8000 7044
8000 7045
8000 7046
8000 7047
8000 7048
8000 7049
8000 7050
8000 7051
8000 7052
8000 7053
8000 7054
8000 7055
8000 7056
8000 7057
8000 7058
8000 7059
8000 7060
8000 7061
8000 7062
8000 7063
8000 7064
8000 7065
8000 7066
8000 7067
8000 7068
8000 7069
8000 7070
8000 7071
8000 7072
8000 7073
8000 7074
8000 7075
8000 7076
8000 7077
8000 7078
8000 7079
8000 7080
8000 7081
8000 7082
8000 7083
8000 7084
8000 7085
8000 7086
8000 7087
8000 7088
8000 7089
8000 7090
8000 7091
8000 7092
8000 7093
8000 7094
8000 7095
8000 7096
8000 7097
8000 7098
8000 7099
8000 7100
8000 7101
8000 7102
8000 7103
8000 7104
8000 7105
8000 7106
8000 7107
8000 7108
8000 7109
8000 7110
8000 7111
8000 7112
8000 7113
8000 7114
8000 7115
8000 7116
8000 7117
8000 7118
8000 7119
8000 7120
8000 7121
8000 7122
8000 7123
8000 7124
8000 7125
8000 7126
8000 7127
8000 7128
8000 7129
8000 7130
8000 7131
8000 7132
8000 7133
8000 7134
8000 7135
8000 7136
8000 7137
8000 7138
8000 7139
8000 7140
8000 7141
8000 7142
8000 7143
8000 7144
8000 7145
8000 7146
8000 7147
8000 7148
8000 7149
8000 7150
8000 7151
8000 7152
8000 7153
8000 7154
8000 7155
8000 7156
8000 7157
8000 7158
8000 7159
8000 7160
8000 7161
8000 7162
8000 7163
8000 7164
8000 7165
8000 7166
