0 0
1 0
2 0
3 1
4 2
5 0
6 0
7 1
8 0
9 0
10 0
11 1
12 2
13 1
14 0
15 0
16 0
17 0
18 1
19 0
20 1
21 0
22 0
23 0
24 2
25 0
26 0
27 0
28 0
29 2
30 1
31 0
32 2
33 3
34 0
35 1
36 1
37 2
38 0
39 2
40 2
41 0
42 1
43 1
44 0
45 1
46 3
47 4
48 1
49 1
50 3
51 0
52 2
53 4
54 0
55 0
56 1
57 0
58 3
59 1
60 1
61 0
62 1
63 1
64 0
65 0
66 0
67 1
68 0
69 1
70 3
71 0
72 2
73 0
74 0
75 0
76 1
77 0
78 1
79 0
80 0
81 1
82 2
83 0
84 2
85 0
86 2
87 0
88 1
89 0
90 0
91 0
92 1
93 0
94 0
95 0
96 1
97 4
98 0
99 0
100 1
101 3
102 1
103 0
104 1
105 1
106 2
107 4
108 0
109 1
110 1
111 1
112 1
113 1
114 2
115 1
116 0
117 2
118 0
119 0
120 2
121 0
122 1
123 2
124 0
125 1
126 1
127 1
128 0
129 0
130 1
131 1
132 0
133 0
134 0
135 1
136 1
137 0
138 0
139 1
140 2
141 0
142 0
143 1
144 0
145 1
146 1
147 0
148 0
149 1
150 1
151 0
152 2
153 0
154 0
155 0
156 1
157 1
158 0
159 0
160 0
161 1
162 0
163 1
164 3
165 2
166 1
167 0
168 2
169 1
170 1
171 1
172 3
173 3
174 4
175 0
176 3
177 0
178 0
179 1
180 1
181 3
182 0
183 0
184 3
185 1
186 2
187 2
188 0
189 2
190 0
191 0
192 0
193 0
194 0
195 0
196 0
197 1
198 0
199 0
200 0
201 0
202 1
203 0
204 2
205 1
206 1
207 0
208 0
209 1
210 1
211 1
212 0
213 0
214 0
215 1
216 0
217 0
218 0
219 0
220 0
221 0
222 0
223 0
224 5
225 3
226 1
227 0
228 4
229 1
230 2
231 0
232 2
233 0
234 6
235 1
236 1
237 1
238 1
239 1
240 2
241 2
242 0
243 1
244 1
245 1
246 0
247 1
248 1
249 0
250 0
251 1
252 1
253 1
254 2
255 0
256 0
257 0
258 2
259 0
260 0
261 0
262 1
263 1
264 1
265 0
266 0
267 0
268 0
269 1
270 2
271 0
272 0
273 0
274 1
275 0
276 0
277 0
278 0
279 0
280 1
281 0
282 1
283 0
284 0
285 1
286 0
287 0
288 0
289 3
290 0
291 0
292 3
293 1
294 3
295 2
296 1
297 0
298 1
299 5
300 1
301 3
302 1
303 2
304 1
305 2
306 3
307 0
308 1
309 5
310 0
311 0
312 2
313 1
314 1
315 2
316 2
317 0
318 0
319 2
320 0
321 0
322 2
323 2
324 1
325 1
326 0
327 0
328 0
329 1
330 0
331 1
332 3
333 3
334 0
335 1
336 1
337 0
338 0
339 0
340 1
341 0
342 0
343 2
344 2
345 0
346 0
347 0
348 0
349 0
350 0
351 0
352 2
353 3
354 0
355 0
356 2
357 2
358 3
359 1
360 2
361 3
362 0
363 0
364 2
365 2
366 2
367 1
368 1
369 3
370 1
371 0
372 1
373 3
374 0
375 0
376 2
377 0
378 0
379 0
380 2
381 1
382 1
383 1
384 1
385 0
386 1
387 1
388 1
389 0
390 1
391 0
392 0
393 0
394 0
395 1
396 0
397 2
398 0
399 0
400 0
401 0
402 1
403 0
404 1
405 0
406 0
407 1
408 0
409 0
410 1
411 0
412 0
413 0
414 0
415 0
416 1
417 1
418 0
419 1
420 3
421 1
422 0
423 1
424 1
425 2
426 2
427 1
428 5
429 1
430 2
431 2
432 3
433 1
434 2
435 2
436 1
437 2
438 0
439 0
440 3
441 2
442 4
443 2
444 2
445 3
446 0
447 1
448 0
449 0
450 1
451 1
452 1
453 2
454 0
455 0
456 1
457 1
458 1
459 0
460 1
461 0
462 0
463 0
464 1
465 0
466 0
467 1
468 0
469 0
470 0
471 1
472 1
473 0
474 0
475 2
476 0
477 2
478 0
479 1
480 2
481 2
482 0
483 0
484 1
485 1
486 3
487 1
488 0
489 0
490 2
491 2
492 1
493 0
494 1
495 0
496 2
497 1
498 0
499 0
500 2
501 0
502 0
503 1
504 1
505 0
506 2
507 3
508 2
509 3
510 0
511 0
512 0
513 0
514 1
515 0
516 0
517 0
518 1
519 0
520 1
521 0
522 1
523 0
524 0
525 0
526 0
527 0
528 0
529 0
530 0
531 0
532 0
533 1
534 0
535 0
536 0
537 0
538 2
539 0
540 0
541 0
542 0
543 1
544 4
545 4
546 0
547 0
548 2
549 2
550 1
551 1
552 1
553 0
554 0
555 1
556 0
557 2
558 1
559 0
560 5
561 3
562 0
563 0
564 2
565 3
566 0
567 1
568 3
569 3
570 1
571 3
572 2
573 1
574 2
575 0
576 0
577 1
578 1
579 0
580 0
581 0
582 0
583 1
584 0
585 0
586 0
587 0
588 1
589 0
590 2
591 0
592 0
593 1
594 0
595 1
596 0
597 0
598 0
599 0
600 2
601 1
602 2
603 0
604 0
605 0
606 0
607 0
608 1
609 1
610 0
611 1
612 0
613 0
614 0
615 2
616 2
617 0
618 2
619 3
620 1
621 0
622 0
623 2
624 2
625 0
626 0
627 0
628 1
629 5
630 1
631 0
632 2
633 0
634 0
635 5
636 1
637 1
638 0
639 0
640 0
641 0
642 2
643 2
644 3
645 0
646 3
647 1
648 1
649 0
650 0
651 1
652 1
653 0
654 0
655 0
656 0
657 0
658 0
659 0
660 0
661 0
662 0
663 1
664 1
665 0
666 0
667 0
668 0
669 0
670 1
671 0
672 2
673 3
674 0
675 1
676 0
677 0
678 1
679 2
680 2
681 1
682 1
683 1
684 1
685 1
686 2
687 0
688 1
689 1
690 1
691 1
692 2
693 3
694 0
695 1
696 1
697 1
698 0
699 3
700 0
701 1
702 0
703 1
704 0
705 0
706 0
707 1
708 2
709 0
710 0
711 1
712 0
713 0
714 1
715 2
716 0
717 1
718 0
719 0
720 0
721 0
722 0
723 0
724 0
725 0
726 0
727 1
728 1
729 1
730 1
731 0
732 0
733 1
734 2
735 0
736 3
737 5
738 0
739 0
740 3
741 1
742 2
743 1
744 0
745 1
746 1
747 1
748 0
749 2
750 1
751 1
752 3
753 2
754 2
755 0
756 2
757 4
758 0
759 1
760 1
761 0
762 0
763 5
764 5
765 0
766 1
767 1
768 0
769 0
770 1
771 0
772 2
773 0
774 1
775 0
776 1
777 0
778 0
779 0
780 1
781 0
782 1
783 0
784 1
785 0
786 1
787 0
788 0
789 0
790 0
791 0
792 0
793 0
794 0
795 0
796 0
797 0
798 1
799 0
800 2
801 6
802 0
803 1
804 1
805 3
806 0
807 0
808 3
809 0
810 2
811 1
812 1
813 2
814 1
815 0
816 1
817 3
818 0
819 0
820 0
821 3
822 0
823 0
824 2
825 0
826 0
827 6
828 2
829 0
830 0
831 0
832 0
833 0
834 4
835 1
836 2
837 1
838 2
839 2
840 2
841 1
842 1
843 0
844 0
845 1
846 1
847 0
848 0
849 1
850 0
851 0
852 0
853 1
854 0
855 0
856 0
857 0
858 0
859 0
860 0
861 0
862 0
863 0
864 2
865 3
866 0
867 1
868 2
869 0
870 1
871 0
872 0
873 1
874 2
875 1
876 0
877 1
878 0
879 0
880 1
881 2
882 0
883 1
884 2
885 1
886 0
887 1
888 0
889 0
890 0
891 1
892 0
893 0
894 1
895 2
896 0
897 0
898 1
899 2
900 3
901 0
902 0
903 1
904 0
905 1
906 1
907 2
908 1
909 1
910 0
911 1
912 1
913 1
914 1
915 0
916 0
917 1
918 1
919 4
920 0
921 0
922 0
923 0
924 1
925 1
926 1
927 0
928 2
929 2
930 1
931 0
932 3
933 0
934 1
935 1
936 1
937 1
938 2
939 2
940 1
941 0
942 5
943 2
944 2
945 2
946 0
947 0
948 0
949 5
950 0
951 1
952 1
953 2
954 0
955 0
956 1
957 4
958 0
959 1
960 0
961 1
962 0
963 1
964 1
965 1
966 1
967 3
968 0
969 0
970 1
971 1
972 1
973 0
974 0
975 0
976 0
977 0
978 0
979 0
980 0
981 0
982 1
983 0
984 1
985 0
986 0
987 0
988 0
989 0
990 0
991 0
992 1
993 4
994 0
995 0
996 2
997 1
998 3
999 0
1000 0
1001 0
1002 2
1003 0
1004 2
1005 0
1006 3
1007 1
1008 2
1009 2
1010 4
1011 0
1012 1
1013 4
1014 0
1015 0
1016 3
1017 1
1018 1
1019 2
1020 4
1021 1
1022 1
1023 1
1024 0
1025 1
1026 0
1027 1
1028 0
1029 0
1030 2
1031 0
1032 0
1033 0
1034 1
1035 1
1036 0
1037 0
1038 1
1039 0
1040 0
1041 0
1042 0
1043 1
1044 0
1045 0
1046 0
1047 1
1048 1
1049 0
1050 1
1051 0
1052 0
1053 0
1054 0
1055 0
1056 1
1057 3
1058 0
1059 0
1060 1
1061 1
1062 0
1063 1
1064 2
1065 1
1066 0
1067 2
1068 2
1069 1
1070 1
1071 0
1072 1
1073 4
1074 0
1075 1
1076 0
1077 3
1078 0
1079 0
1080 0
1081 0
1082 0
1083 2
1084 4
1085 2
1086 1
1087 3
1088 1
1089 0
1090 1
1091 1
1092 1
1093 0
1094 2
1095 0
1096 1
1097 0
1098 0
1099 1
1100 2
1101 1
1102 1
1103 1
1104 0
1105 0
1106 1
1107 0
1108 0
1109 0
1110 1
1111 1
1112 1
1113 0
1114 1
1115 1
1116 0
1117 0
1118 0
1119 0
1120 1
1121 2
1122 0
1123 0
1124 4
1125 3
1126 0
1127 0
1128 1
1129 0
1130 3
1131 1
1132 3
1133 2
1134 0
1135 3
1136 1
1137 2
1138 0
1139 1
1140 1
1141 4
1142 0
1143 0
1144 2
1145 2
1146 0
1147 3
1148 0
1149 3
1150 1
1151 1
1152 0
1153 0
1154 2
1155 1
1156 1
1157 0
1158 0
1159 0
1160 0
1161 1
1162 1
1163 2
1164 1
1165 0
1166 1
1167 0
1168 0
1169 0
1170 2
1171 1
1172 1
1173 0
1174 1
1175 0
1176 1
1177 0
1178 0
1179 1
1180 0
1181 1
1182 0
1183 0
1184 0
1185 3
1186 0
1187 0
1188 0
1189 1
1190 1
1191 0
1192 1
1193 0
1194 3
1195 1
1196 3
1197 1
1198 0
1199 2
1200 0
1201 2
1202 1
1203 0
1204 1
1205 3
1206 1
1207 2
1208 1
1209 0
1210 0
1211 4
1212 1
1213 1
1214 1
1215 1
1216 0
1217 0
1218 0
1219 1
1220 0
1221 1
1222 0
1223 1
1224 0
1225 0
1226 0
1227 2
1228 0
1229 0
1230 0
1231 0
1232 0
1233 0
1234 0
1235 1
1236 0
1237 0
1238 1
1239 1
1240 0
1241 0
1242 0
1243 2
1244 0
1245 0
1246 0
1247 0
1248 2
1249 2
1250 0
1251 0
1252 1
1253 0
1254 2
1255 1
1256 2
1257 0
1258 2
1259 3
1260 0
1261 0
1262 4
1263 0
1264 2
1265 2
1266 2
1267 1
1268 2
1269 1
1270 1
1271 0
1272 0
1273 4
1274 1
1275 1
1276 0
1277 0
1278 2
1279 0
1280 1
1281 1
1282 2
1283 1
1284 1
1285 0
1286 0
1287 0
1288 0
1289 0
1290 0
1291 0
1292 0
1293 0
1294 1
1295 0
1296 0
1297 0
1298 1
1299 0
1300 0
1301 1
1302 1
1303 0
1304 0
1305 1
1306 0
1307 1
1308 0
1309 1
1310 0
1311 0
1312 3
1313 1
1314 0
1315 0
1316 1
1317 1
1318 0
1319 0
1320 1
1321 1
1322 4
1323 2
1324 1
1325 2
1326 2
1327 3
1328 1
1329 1
1330 2
1331 0
1332 1
1333 2
1334 1
1335 0
1336 3
1337 0
1338 1
1339 2
1340 0
1341 3
1342 1
1343 0
1344 0
1345 0
1346 1
1347 1
1348 0
1349 1
1350 1
1351 0
1352 2
1353 0
1354 0
1355 0
1356 0
1357 2
1358 0
1359 1
1360 1
1361 0
1362 0
1363 0
1364 1
1365 0
1366 2
1367 1
1368 1
1369 1
1370 0
1371 0
1372 1
1373 0
1374 1
1375 0
1376 1
1377 7
1378 0
1379 0
1380 1
1381 1
1382 1
1383 1
1384 1
1385 0
1386 1
1387 2
1388 0
1389 0
1390 1
1391 0
1392 0
1393 1
1394 1
1395 0
1396 1
1397 3
1398 0
1399 0
1400 3
1401 1
1402 0
1403 3
1404 1
1405 0
1406 0
1407 1
1408 0
1409 0
1410 1
1411 1
1412 2
1413 0
1414 0
1415 0
1416 2
1417 0
1418 1
1419 2
1420 2
1421 2
1422 0
1423 1
1424 0
1425 0
1426 0
1427 0
1428 0
1429 0
1430 0
1431 0
1432 1
1433 0
1434 1
1435 0
1436 0
1437 1
1438 1
1439 0
1440 0
1441 3
1442 0
1443 0
1444 6
1445 1
1446 0
1447 0
1448 2
1449 0
1450 3
1451 2
1452 5
1453 1
1454 0
1455 0
1456 3
1457 2
1458 2
1459 1
1460 1
1461 2
1462 1
1463 0
1464 1
1465 2
1466 0
1467 3
1468 0
1469 3
1470 1
1471 5
1472 0
1473 0
1474 0
1475 0
1476 0
1477 0
1478 0
1479 0
1480 0
1481 0
1482 0
1483 0
1484 0
1485 1
1486 2
1487 0
1488 0
1489 1
1490 1
1491 1
1492 0
1493 0
1494 0
1495 1
1496 0
1497 0
1498 0
1499 0
1500 0
1501 0
1502 0
1503 0
1504 1
1505 4
1506 0
1507 0
1508 2
1509 1
1510 1
1511 0
1512 2
1513 1
1514 4
1515 1
1516 3
1517 4
1518 1
1519 3
1520 2
1521 0
1522 2
1523 1
1524 3
1525 2
1526 0
1527 1
1528 5
1529 0
1530 0
1531 3
1532 2
1533 2
1534 1
1535 0
1536 0
1537 0
1538 2
1539 1
1540 1
1541 0
1542 0
1543 0
1544 1
1545 0
1546 0
1547 0
1548 0
1549 2
1550 2
1551 0
1552 0
1553 0
1554 1
1555 0
1556 0
1557 0
1558 1
1559 0
1560 0
1561 0
1562 0
1563 0
1564 0
1565 0
1566 0
1567 1
1568 2
1569 3
1570 0
1571 1
1572 3
1573 2
1574 3
1575 1
1576 1
1577 1
1578 1
1579 0
1580 1
1581 2
1582 2
1583 0
1584 3
1585 2
1586 1
1587 1
1588 0
1589 4
1590 1
1591 2
1592 2
1593 3
1594 2
1595 3
1596 3
1597 3
1598 0
1599 0
1600 0
1601 0
1602 0
1603 2
1604 1
1605 1
1606 0
1607 0
1608 0
1609 1
1610 0
1611 1
1612 0
1613 0
1614 1
1615 0
1616 0
1617 1
1618 0
1619 2
1620 0
1621 0
1622 2
1623 0
1624 1
1625 0
1626 0
1627 0
1628 0
1629 0
1630 0
1631 1
1632 2
1633 5
1634 0
1635 0
1636 3
1637 4
1638 1
1639 1
1640 1
1641 0
1642 3
1643 0
1644 1
1645 3
1646 1
1647 1
1648 0
1649 1
1650 3
1651 2
1652 1
1653 2
1654 0
1655 0
1656 0
1657 4
1658 0
1659 1
1660 1
1661 1
1662 0
1663 0
1664 0
1665 0
1666 0
1667 1
1668 0
1669 1
1670 1
1671 0
1672 3
1673 0
1674 1
1675 0
1676 2
1677 1
1678 0
1679 0
1680 1
1681 0
1682 0
1683 0
1684 0
1685 0
1686 1
1687 2
1688 2
1689 1
1690 1
1691 1
1692 0
1693 1
1694 0
1695 0
1696 1
1697 3
1698 0
1699 0
1700 1
1701 2
1702 2
1703 0
1704 2
1705 1
1706 1
1707 3
1708 0
1709 2
1710 1
1711 3
1712 0
1713 1
1714 1
1715 0
1716 0
1717 5
1718 1
1719 0
1720 2
1721 3
1722 3
1723 2
1724 1
1725 3
1726 0
1727 2
1728 0
1729 0
1730 1
1731 1
1732 1
1733 0
1734 2
1735 0
1736 1
1737 0
1738 0
1739 1
1740 0
1741 2
1742 1
1743 0
1744 0
1745 0
1746 1
1747 0
1748 1
1749 0
1750 0
1751 2
1752 1
1753 1
1754 6
1755 0
1756 1
1757 1
1758 1
1759 0
1760 0
1761 6
1762 0
1763 1
1764 1
1765 2
1766 1
1767 1
1768 1
1769 2
1770 0
1771 1
1772 2
1773 1
1774 0
1775 5
1776 1
1777 3
1778 0
1779 1
1780 0
1781 2
1782 0
1783 0
1784 1
1785 1
1786 0
1787 4
1788 1
1789 1
1790 1
1791 0
1792 0
1793 0
1794 1
1795 2
1796 0
1797 0
1798 0
1799 0
1800 1
1801 0
1802 0
1803 0
1804 0
1805 1
1806 2
1807 0
1808 0
1809 2
1810 1
1811 0
1812 0
1813 1
1814 0
1815 0
1816 0
1817 0
1818 0
1819 0
1820 0
1821 0
1822 0
1823 0
1824 3
1825 5
1826 1
1827 1
1828 4
1829 1
1830 0
1831 0
1832 0
1833 1
1834 2
1835 1
1836 5
1837 1
1838 0
1839 1
1840 4
1841 5
1842 0
1843 1
1844 0
1845 7
1846 0
1847 0
1848 0
1849 3
1850 1
1851 4
1852 2
1853 1
1854 1
1855 2
1856 0
1857 0
1858 2
1859 2
1860 2
1861 0
1862 1
1863 2
1864 1
1865 0
1866 1
1867 0
1868 1
1869 0
1870 0
1871 0
1872 0
1873 0
1874 2
1875 0
1876 0
1877 0
1878 1
1879 0
1880 0
1881 2
1882 0
1883 1
1884 0
1885 0
1886 0
1887 0
1888 0
1889 1
1890 0
1891 0
1892 1
1893 1
1894 0
1895 1
1896 1
1897 1
1898 1
1899 2
1900 3
1901 1
1902 3
1903 1
1904 1
1905 0
1906 1
1907 0
1908 2
1909 0
1910 0
1911 1
1912 2
1913 2
1914 0
1915 1
1916 1
1917 0
1918 1
1919 0
1920 0
1921 0
1922 0
1923 1
1924 0
1925 2
1926 0
1927 1
1928 2
1929 1
1930 0
1931 2
1932 1
1933 1
1934 2
1935 0
1936 0
1937 0
1938 0
1939 2
1940 0
1941 0
1942 1
1943 0
1944 3
1945 1
1946 1
1947 1
1948 1
1949 0
1950 0
1951 0
1952 3
1953 2
1954 0
1955 0
1956 2
1957 1
1958 2
1959 0
1960 0
1961 2
1962 3
1963 1
1964 1
1965 1
1966 3
1967 5
1968 0
1969 0
1970 2
1971 1
1972 1
1973 4
1974 0
1975 0
1976 1
1977 0
1978 1
1979 4
1980 1
1981 2
1982 0
1983 0
1984 0
1985 0
1986 0
1987 1
1988 1
1989 0
1990 0
1991 0
1992 1
1993 0
1994 1
1995 2
1996 0
1997 1
1998 1
1999 0
2000 0
2001 1
2002 2
2003 0
2004 0
2005 0
2006 0
2007 0
2008 0
2009 0
2010 0
2011 0
2012 0
2013 0
2014 0
2015 0
2016 3
2017 1
2018 0
2019 0
2020 4
2021 1
2022 1
2023 1
2024 1
2025 0
2026 3
2027 0
2028 4
2029 2
2030 1
2031 1
2032 1
2033 0
2034 1
2035 1
2036 1
2037 1
2038 0
2039 0
2040 2
2041 0
2042 0
2043 0
2044 2
2045 1
2046 2
2047 0
2048 1
2049 2
2050 0
2051 0
2052 0
2053 0
2054 0
2055 0
2056 0
2057 0
2058 3
2059 0
2060 0
2061 0
2062 0
2063 1
2064 0
2065 0
2066 0
2067 0
2068 0
2069 0
2070 0
2071 0
2072 1
2073 0
2074 1
2075 0
2076 0
2077 2
2078 0
2079 0
2080 6
2081 3
2082 0
2083 0
2084 4
2085 0
2086 3
2087 0
2088 4
2089 0
2090 3
2091 1
2092 1
2093 1
2094 2
2095 1
2096 2
2097 5
2098 1
2099 1
2100 4
2101 7
2102 0
2103 0
2104 2
2105 0
2106 1
2107 4
2108 1
2109 1
2110 0
2111 2
2112 0
2113 0
2114 2
2115 0
2116 0
2117 0
2118 0
2119 0
2120 3
2121 0
2122 1
2123 0
2124 1
2125 1
2126 0
2127 0
2128 0
2129 0
2130 1
2131 0
2132 1
2133 0
2134 0
2135 0
2136 0
2137 0
2138 0
2139 0
2140 1
2141 1
2142 0
2143 0
2144 1
2145 3
2146 0
2147 1
2148 4
2149 1
2150 1
2151 1
2152 2
2153 0
2154 0
2155 2
2156 0
2157 0
2158 0
2159 1
2160 0
2161 2
2162 1
2163 0
2164 1
2165 4
2166 0
2167 0
2168 3
2169 0
2170 0
2171 2
2172 2
2173 3
2174 0
2175 0
2176 0
2177 0
2178 1
2179 3
2180 2
2181 1
2182 1
2183 1
2184 0
2185 0
2186 0
2187 2
2188 1
2189 3
2190 0
2191 0
2192 0
2193 1
2194 1
2195 0
2196 0
2197 1
2198 0
2199 3
2200 0
2201 0
2202 1
2203 0
2204 0
2205 0
2206 0
2207 0
2208 0
2209 3
2210 0
2211 1
2212 1
2213 4
2214 1
2215 2
2216 3
2217 0
2218 1
2219 4
2220 3
2221 0
2222 2
2223 1
2224 0
2225 1
2226 5
2227 1
2228 0
2229 3
2230 0
2231 1
2232 2
2233 1
2234 0
2235 2
2236 2
2237 0
2238 0
2239 1
2240 0
2241 0
2242 0
2243 1
2244 2
2245 0
2246 0
2247 2
2248 1
2249 0
2250 0
2251 0
2252 0
2253 2
2254 0
2255 0
2256 1
2257 1
2258 1
2259 0
2260 0
2261 1
2262 0
2263 2
2264 0
2265 1
2266 1
2267 0
2268 0
2269 0
2270 0
2271 1
2272 2
2273 1
2274 0
2275 0
2276 4
2277 1
2278 0
2279 0
2280 1
2281 0
2282 2
2283 0
2284 4
2285 2
2286 3
2287 3
2288 4
2289 2
2290 2
2291 3
2292 1
2293 1
2294 0
2295 1
2296 0
2297 1
2298 0
2299 2
2300 2
2301 0
2302 1
2303 2
2304 0
2305 1
2306 1
2307 1
2308 0
2309 1
2310 0
2311 0
2312 0
2313 0
2314 0
2315 0
2316 1
2317 1
2318 0
2319 0
2320 0
2321 0
2322 0
2323 0
2324 0
2325 0
2326 0
2327 0
2328 0
2329 1
2330 0
2331 1
2332 0
2333 2
2334 1
2335 0
2336 2
2337 3
2338 1
2339 2
2340 2
2341 2
2342 2
2343 1
2344 1
2345 0
2346 0
2347 1
2348 1
2349 0
2350 1
2351 2
2352 1
2353 1
2354 1
2355 1
2356 2
2357 3
2358 0
2359 0
2360 2
2361 2
2362 2
2363 5
2364 2
2365 2
2366 3
2367 2
2368 0
2369 0
2370 1
2371 0
2372 1
2373 3
2374 2
2375 0
2376 2
2377 0
2378 0
2379 0
2380 0
2381 0
2382 1
2383 0
2384 0
2385 0
2386 2
2387 0
2388 0
2389 0
2390 0
2391 1
2392 0
2393 0
2394 1
2395 0
2396 0
2397 1
2398 0
2399 0
2400 1
2401 2
2402 0
2403 0
2404 0
2405 0
2406 1
2407 1
2408 0
2409 0
2410 1
2411 4
2412 0
2413 1
2414 1
2415 2
2416 1
2417 2
2418 1
2419 0
2420 1
2421 1
2422 1
2423 0
2424 1
2425 1
2426 0
2427 2
2428 0
2429 0
2430 2
2431 0
2432 0
2433 0
2434 0
2435 4
2436 1
2437 1
2438 0
2439 1
2440 1
2441 0
2442 0
2443 2
2444 3
2445 0
2446 0
2447 1
2448 0
2449 0
2450 2
2451 0
2452 0
2453 0
2454 0
2455 1
2456 3
2457 1
2458 2
2459 0
2460 1
2461 1
2462 0
2463 0
2464 3
2465 1
2466 0
2467 1
2468 1
2469 1
2470 1
2471 1
2472 2
2473 1
2474 1
2475 1
2476 1
2477 0
2478 0
2479 0
2480 2
2481 1
2482 2
2483 4
2484 2
2485 3
2486 0
2487 0
2488 0
2489 3
2490 1
2491 1
2492 0
2493 0
2494 1
2495 0
2496 0
2497 1
2498 1
2499 2
2500 0
2501 1
2502 1
2503 0
2504 1
2505 1
2506 2
2507 2
2508 0
2509 2
2510 0
2511 0
2512 0
2513 0
2514 2
2515 0
2516 0
2517 0
2518 0
2519 0
2520 1
2521 0
2522 1
2523 1
2524 2
2525 0
2526 1
2527 1
2528 1
2529 2
2530 0
2531 0
2532 1
2533 0
2534 1
2535 1
2536 0
2537 1
2538 2
2539 2
2540 1
2541 0
2542 2
2543 3
2544 4
2545 3
2546 1
2547 1
2548 0
2549 3
2550 0
2551 1
2552 1
2553 1
2554 1
2555 2
2556 0
2557 1
2558 2
2559 2
2560 0
2561 0
2562 0
2563 1
2564 0
2565 0
2566 0
2567 1
2568 1
2569 0
2570 1
2571 1
2572 0
2573 1
2574 0
2575 0
2576 0
2577 0
2578 1
2579 0
2580 0
2581 0
2582 0
2583 0
2584 3
2585 0
2586 0
2587 1
2588 0
2589 0
2590 1
2591 0
2592 2
2593 2
2594 1
2595 0
2596 4
2597 1
2598 2
2599 1
2600 2
2601 2
2602 2
2603 1
2604 1
2605 1
2606 4
2607 2
2608 1
2609 4
2610 2
2611 0
2612 2
2613 3
2614 0
2615 1
2616 3
2617 5
2618 0
2619 2
2620 0
2621 4
2622 1
2623 1
2624 0
2625 0
2626 1
2627 0
2628 1
2629 0
2630 0
2631 0
2632 3
2633 0
2634 0
2635 1
2636 1
2637 0
2638 1
2639 0
2640 0
2641 1
2642 0
2643 0
2644 0
2645 0
2646 0
2647 0
2648 2
2649 1
2650 1
2651 0
2652 1
2653 0
2654 1
2655 0
2656 4
2657 5
2658 0
2659 1
2660 4
2661 1
2662 0
2663 0
2664 1
2665 1
2666 2
2667 2
2668 0
2669 2
2670 2
2671 1
2672 1
2673 1
2674 0
2675 1
2676 3
2677 0
2678 0
2679 1
2680 0
2681 2
2682 1
2683 4
2684 0
2685 2
2686 1
2687 0
2688 1
2689 0
2690 1
2691 2
2692 1
2693 0
2694 1
2695 0
2696 0
2697 0
2698 1
2699 1
2700 1
2701 0
2702 1
2703 0
2704 0
2705 0
2706 2
2707 0
2708 0
2709 0
2710 0
2711 1
2712 2
2713 0
2714 0
2715 0
2716 0
2717 0
2718 0
2719 0
2720 2
2721 4
2722 0
2723 0
2724 0
2725 1
2726 1
2727 1
2728 1
2729 2
2730 0
2731 4
2732 2
2733 2
2734 1
2735 1
2736 1
2737 7
2738 2
2739 1
2740 0
2741 1
2742 0
2743 2
2744 3
2745 1
2746 0
2747 2
2748 0
2749 0
2750 0
2751 0
2752 0
2753 3
2754 1
2755 2
2756 0
2757 0
2758 0
2759 2
2760 0
2761 0
2762 0
2763 1
2764 1
2765 2
2766 0
2767 1
2768 0
2769 0
2770 2
2771 0
2772 0
2773 0
2774 0
2775 1
2776 0
2777 0
2778 0
2779 0
2780 0
2781 0
2782 0
2783 0
2784 4
2785 4
2786 0
2787 0
2788 3
2789 0
2790 0
2791 1
2792 2
2793 1
2794 1
2795 0
2796 2
2797 0
2798 3
2799 0
2800 2
2801 0
2802 1
2803 0
2804 0
2805 3
2806 0
2807 0
2808 0
2809 2
2810 0
2811 2
2812 0
2813 1
2814 3
2815 2
2816 0
2817 1
2818 0
2819 1
2820 0
2821 0
2822 1
2823 0
2824 0
2825 0
2826 0
2827 0
2828 1
2829 2
2830 0
2831 0
2832 0
2833 0
2834 0
2835 0
2836 0
2837 2
2838 1
2839 0
2840 3
2841 0
2842 0
2843 2
2844 1
2845 0
2846 0
2847 0
2848 4
2849 3
2850 0
2851 0
2852 4
2853 0
2854 2
2855 0
2856 1
2857 0
2858 0
2859 0
2860 3
2861 0
2862 4
2863 1
2864 2
2865 2
2866 1
2867 1
2868 0
2869 2
2870 0
2871 1
2872 0
2873 0
2874 0
2875 4
2876 1
2877 1
2878 1
2879 2
2880 0
2881 0
2882 0
2883 0
2884 0
2885 0
2886 1
2887 1
2888 2
2889 0
2890 0
2891 0
2892 0
2893 0
2894 0
2895 0
2896 0
2897 0
2898 0
2899 0
2900 0
2901 0
2902 0
2903 0
2904 0
2905 0
2906 1
2907 0
2908 0
2909 0
2910 0
2911 0
2912 0
2913 3
2914 1
2915 0
2916 2
2917 2
2918 2
2919 1
2920 1
2921 0
2922 1
2923 1
2924 2
2925 1
2926 0
2927 3
2928 1
2929 0
2930 0
2931 2
2932 1
2933 5
2934 1
2935 0
2936 0
2937 2
2938 0
2939 4
2940 2
2941 1
2942 1
2943 0
2944 0
2945 0
2946 0
2947 3
2948 1
2949 0
2950 2
2951 1
2952 0
2953 0
2954 0
2955 1
2956 1
2957 5
2958 0
2959 0
2960 0
2961 0
2962 1
2963 0
2964 1
2965 0
2966 0
2967 1
2968 2
2969 0
2970 2
2971 0
2972 0
2973 0
2974 0
2975 0
2976 2
2977 1
2978 0
2979 1
2980 2
2981 4
2982 1
2983 0
2984 2
2985 0
2986 0
2987 3
2988 0
2989 3
2990 3
2991 2
2992 1
2993 1
2994 1
2995 1
2996 1
2997 4
2998 0
2999 0
3000 0
3001 2
3002 1
3003 1
3004 1
3005 0
3006 0
3007 0
3008 0
3009 0
3010 1
3011 0
3012 0
3013 0
3014 0
3015 0
3016 1
3017 0
3018 0
3019 0
3020 0
3021 0
3022 1
3023 0
3024 0
3025 1
3026 2
3027 0
3028 0
3029 0
3030 0
3031 0
3032 0
3033 1
3034 0
3035 0
3036 0
3037 0
3038 0
3039 1
3040 1
3041 3
3042 1
3043 0
3044 2
3045 2
3046 0
3047 1
3048 0
3049 1
3050 1
3051 0
3052 0
3053 1
3054 0
3055 1
3056 1
3057 0
3058 2
3059 0
3060 1
3061 3
3062 0
3063 0
3064 1
3065 0
3066 1
3067 2
3068 2
3069 0
3070 1
3071 1
3072 0
3073 0
3074 1
3075 1
3076 0
3077 1
3078 3
3079 0
3080 2
3081 1
3082 0
3083 0
3084 1
3085 0
3086 2
3087 0
3088 0
3089 0
3090 0
3091 0
3092 0
3093 0
3094 0
3095 0
3096 0
3097 0
3098 0
3099 0
3100 0
3101 0
3102 0
3103 0
3104 2
3105 3
3106 0
3107 0
3108 3
3109 1
3110 0
3111 0
3112 2
3113 0
3114 1
3115 3
3116 1
3117 2
3118 4
3119 1
3120 3
3121 1
3122 1
3123 1
3124 5
3125 2
3126 0
3127 1
3128 1
3129 2
3130 2
3131 2
3132 2
3133 0
3134 1
3135 0
3136 0
3137 2
3138 0
3139 1
3140 1
3141 0
3142 1
3143 1
3144 2
3145 0
3146 0
3147 0
3148 0
3149 3
3150 1
3151 0
3152 0
3153 0
3154 0
3155 0
3156 0
3157 0
3158 0
3159 1
3160 0
3161 0
3162 1
3163 0
3164 0
3165 1
3166 1
3167 0
3168 4
3169 3
3170 0
3171 1
3172 3
3173 1
3174 1
3175 2
3176 2
3177 2
3178 3
3179 2
3180 1
3181 1
3182 2
3183 0
3184 2
3185 4
3186 4
3187 1
3188 1
3189 7
3190 0
3191 0
3192 2
3193 2
3194 1
3195 3
3196 0
3197 1
3198 1
3199 0
3200 0
3201 0
3202 0
3203 3
3204 1
3205 0
3206 0
3207 1
3208 1
3209 2
3210 0
3211 3
3212 1
3213 2
3214 0
3215 0
3216 1
3217 0
3218 3
3219 0
3220 0
3221 1
3222 0
3223 0
3224 0
3225 0
3226 0
3227 0
3228 0
3229 0
3230 0
3231 0
3232 1
3233 4
3234 0
3235 1
3236 1
3237 3
3238 1
3239 2
3240 0
3241 1
3242 2
3243 2
3244 0
3245 0
3246 2
3247 3
3248 1
3249 3
3250 1
3251 1
3252 0
3253 2
3254 0
3255 0
3256 1
3257 2
3258 0
3259 5
3260 1
3261 2
3262 0
3263 2
3264 0
3265 0
3266 2
3267 0
3268 1
3269 1
3270 4
3271 1
3272 1
3273 0
3274 2
3275 1
3276 0
3277 1
3278 1
3279 0
3280 0
3281 0
3282 2
3283 2
3284 0
3285 1
3286 0
3287 2
3288 0
3289 0
3290 2
3291 0
3292 0
3293 2
3294 1
3295 0
3296 1
3297 1
3298 0
3299 1
3300 2
3301 0
3302 2
3303 1
3304 0
3305 1
3306 1
3307 1
3308 5
3309 1
3310 1
3311 1
3312 0
3313 2
3314 1
3315 0
3316 1
3317 2
3318 0
3319 0
3320 1
3321 0
3322 1
3323 1
3324 0
3325 2
3326 2
3327 1
3328 0
3329 1
3330 3
3331 1
3332 1
3333 0
3334 0
3335 0
3336 0
3337 0
3338 0
3339 1
3340 1
3341 1
3342 1
3343 0
3344 0
3345 0
3346 0
3347 0
3348 0
3349 1
3350 0
3351 1
3352 1
3353 0
3354 0
3355 0
3356 0
3357 0
3358 0
3359 0
3360 2
3361 3
3362 1
3363 1
3364 3
3365 1
3366 3
3367 2
3368 2
3369 1
3370 1
3371 1
3372 1
3373 1
3374 2
3375 0
3376 1
3377 4
3378 0
3379 1
3380 2
3381 3
3382 0
3383 1
3384 0
3385 0
3386 0
3387 5
3388 4
3389 1
3390 1
3391 2
3392 0
3393 0
3394 2
3395 0
3396 0
3397 1
3398 0
3399 1
3400 0
3401 0
3402 0
3403 0
3404 0
3405 0
3406 1
3407 0
3408 0
3409 0
3410 0
3411 0
3412 0
3413 0
3414 0
3415 0
3416 1
3417 0
3418 0
3419 1
3420 0
3421 0
3422 0
3423 0
3424 1
3425 4
3426 0
3427 0
3428 4
3429 2
3430 0
3431 1
3432 3
3433 1
3434 0
3435 2
3436 3
3437 2
3438 0
3439 1
3440 2
3441 2
3442 1
3443 0
3444 1
3445 2
3446 0
3447 0
3448 2
3449 1
3450 1
3451 2
3452 0
3453 2
3454 1
3455 1
3456 1
3457 0
3458 1
3459 2
3460 1
3461 0
3462 3
3463 2
3464 1
3465 3
3466 0
3467 3
3468 2
3469 2
3470 0
3471 0
3472 0
3473 1
3474 0
3475 0
3476 0
3477 0
3478 0
3479 2
3480 1
3481 1
3482 1
3483 0
3484 0
3485 0
3486 0
3487 1
3488 3
3489 3
3490 1
3491 2
3492 5
3493 2
3494 1
3495 0
3496 0
3497 0
3498 1
3499 0
3500 3
3501 1
3502 3
3503 0
3504 3
3505 2
3506 2
3507 1
3508 0
3509 2
3510 0
3511 1
3512 1
3513 2
3514 0
3515 1
3516 1
3517 0
3518 2
3519 2
3520 0
3521 0
3522 0
3523 3
3524 0
3525 1
3526 0
3527 0
3528 0
3529 1
3530 0
3531 1
3532 1
3533 2
3534 0
3535 0
3536 0
3537 1
3538 0
3539 0
3540 0
3541 0
3542 4
3543 1
3544 1
3545 0
3546 0
3547 0
3548 0
3549 1
3550 1
3551 0
3552 3
3553 4
3554 0
3555 0
3556 1
3557 3
3558 0
3559 0
3560 2
3561 0
3562 2
3563 1
3564 1
3565 0
3566 3
3567 3
3568 0
3569 3
3570 2
3571 2
3572 0
3573 2
3574 0
3575 0
3576 1
3577 2
3578 3
3579 2
3580 1
3581 1
3582 1
3583 1
3584 0
3585 1
3586 1
3587 0
3588 1
3589 0
3590 0
3591 0
3592 1
3593 1
3594 0
3595 1
3596 1
3597 2
3598 1
3599 1
3600 1
3601 1
3602 1
3603 0
3604 0
3605 0
3606 0
3607 0
3608 1
3609 0
3610 0
3611 0
3612 1
3613 0
3614 0
3615 0
3616 1
3617 3
3618 1
3619 0
3620 0
3621 1
3622 0
3623 1
3624 2
3625 0
3626 3
3627 3
3628 3
3629 1
3630 0
3631 2
3632 3
3633 2
3634 0
3635 0
3636 0
3637 3
3638 0
3639 0
3640 3
3641 0
3642 0
3643 2
3644 2
3645 0
3646 1
3647 2
3648 0
3649 0
3650 0
3651 0
3652 0
3653 0
3654 2
3655 1
3656 0
3657 0
3658 0
3659 0
3660 0
3661 0
3662 0
3663 1
3664 0
3665 1
3666 1
3667 0
3668 0
3669 0
3670 0
3671 0
3672 0
3673 2
3674 3
3675 0
3676 0
3677 1
3678 1
3679 1
3680 2
3681 6
3682 0
3683 1
3684 3
3685 0
3686 2
3687 1
3688 2
3689 0
3690 1
3691 2
3692 0
3693 0
3694 0
3695 0
3696 2
3697 2
3698 0
3699 1
3700 0
3701 5
3702 0
3703 0
3704 0
3705 1
3706 3
3707 3
3708 1
3709 3
3710 1
3711 2
3712 0
3713 0
3714 0
3715 0
3716 0
3717 0
3718 1
3719 0
3720 1
3721 0
3722 0
3723 0
3724 1
3725 0
3726 1
3727 0
3728 0
3729 0
3730 0
3731 0
3732 0
3733 0
3734 0
3735 0
3736 2
3737 0
3738 3
3739 0
3740 0
3741 0
3742 0
3743 1
3744 2
3745 4
3746 0
3747 1
3748 2
3749 0
3750 1
3751 2
3752 1
3753 0
3754 1
3755 5
3756 0
3757 1
3758 2
3759 2
3760 2
3761 0
3762 2
3763 0
3764 1
3765 3
3766 0
3767 0
3768 0
3769 0
3770 0
3771 4
3772 2
3773 1
3774 0
3775 1
3776 0
3777 1
3778 3
3779 2
3780 1
3781 1
3782 2
3783 1
3784 1
3785 0
3786 0
3787 1
3788 1
3789 4
3790 0
3791 1
3792 0
3793 0
3794 0
3795 0
3796 0
3797 0
3798 0
3799 1
3800 1
3801 1
3802 0
3803 0
3804 0
3805 0
3806 0
3807 0
3808 3
3809 7
3810 1
3811 2
3812 1
3813 2
3814 0
3815 1
3816 1
3817 1
3818 4
3819 3
3820 1
3821 1
3822 2
3823 1
3824 6
3825 0
3826 0
3827 0
3828 2
3829 2
3830 0
3831 2
3832 1
3833 0
3834 1
3835 3
3836 1
3837 1
3838 1
3839 0
3840 0
3841 0
3842 0
3843 0
3844 0
3845 0
3846 0
3847 1
3848 1
3849 0
3850 0
3851 0
3852 1
3853 2
3854 0
3855 0
3856 0
3857 0
3858 0
3859 0
3860 0
3861 0
3862 1
3863 1
3864 0
3865 0
3866 0
3867 0
3868 1
3869 0
3870 0
3871 0
3872 5
3873 3
3874 1
3875 1
3876 5
3877 0
3878 0
3879 1
3880 2
3881 1
3882 1
3883 1
3884 1
3885 0
3886 1
3887 1
3888 4
3889 1
3890 1
3891 1
3892 2
3893 5
3894 0
3895 0
3896 1
3897 1
3898 0
3899 2
3900 3
3901 0
3902 2
3903 2
3904 0
3905 0
3906 3
3907 0
3908 1
3909 1
3910 1
3911 0
3912 0
3913 0
3914 0
3915 0
3916 0
3917 0
3918 2
3919 0
3920 0
3921 0
3922 1
3923 0
3924 0
3925 0
3926 0
3927 0
3928 0
3929 0
3930 0
3931 1
3932 0
3933 0
3934 0
3935 0
3936 0
3937 3
3938 0
3939 1
3940 2
3941 1
3942 0
3943 0
3944 1
3945 0
3946 1
3947 1
3948 2
3949 0
3950 0
3951 0
3952 1
3953 1
3954 3
3955 0
3956 1
3957 5
3958 0
3959 0
3960 2
3961 0
3962 1
3963 5
3964 1
3965 1
3966 2
3967 0
3968 0
3969 0
3970 2
3971 2
3972 0
3973 1
3974 2
3975 2
3976 0
3977 1
3978 1
3979 1
3980 1
3981 1
3982 1
3983 0
3984 0
3985 0
3986 0
3987 0
3988 0
3989 1
3990 0
3991 3
3992 0
3993 0
3994 1
3995 0
3996 0
3997 1
3998 0
3999 0
4000 2
4001 1
4002 0
4003 1
4004 0
4005 0
4006 0
4007 2
4008 1
4009 1
4010 1
4011 1
4012 2
4013 0
4014 0
4015 0
4016 1
4017 1
4018 0
4019 0
4020 0
4021 3
4022 0
4023 0
4024 2
4025 1
4026 1
4027 0
4028 1
4029 0
4030 0
4031 2
4032 0
4033 0
4034 1
4035 3
4036 0
4037 0
4038 1
4039 1
4040 0
4041 0
4042 1
4043 3
4044 1
4045 2
4046 2
4047 0
4048 0
4049 0
4050 0
4051 1
4052 0
4053 1
4054 0
4055 0
4056 1
4057 0
4058 0
4059 0
4060 0
4061 0
4062 0
4063 1
4064 3
4065 3
4066 0
4067 0
4068 4
4069 1
4070 2
4071 3
4072 2
4073 1
4074 0
4075 1
4076 0
4077 3
4078 0
4079 2
4080 0
4081 3
4082 1
4083 0
4084 1
4085 8
4086 0
4087 1
4088 0
4089 0
4090 0
4091 2
4092 0
4093 1
4094 2
4095 0
4096 0
4097 0
4098 1
4099 0
4100 0
4101 0
4102 0
4103 1
4104 0
4105 0
4106 1
4107 0
4108 1
4109 1
4110 1
4111 0
4112 0
4113 0
4114 0
4115 1
4116 0
4117 0
4118 1
4119 0
4120 0
4121 1
4122 0
4123 1
4124 0
4125 0
4126 0
4127 0
4128 1
4129 4
4130 0
4131 1
4132 3
4133 2
4134 1
4135 3
4136 4
4137 0
4138 1
4139 1
4140 3
4141 3
4142 2
4143 3
4144 2
4145 3
4146 3
4147 1
4148 1
4149 1
4150 0
4151 0
4152 3
4153 2
4154 0
4155 6
4156 1
4157 1
4158 1
4159 1
4160 0
4161 1
4162 1
4163 0
4164 0
4165 1
4166 2
4167 0
4168 2
4169 1
4170 1
4171 0
4172 2
4173 0
4174 0
4175 0
4176 0
4177 1
4178 2
4179 0
4180 0
4181 0
4182 0
4183 0
4184 2
4185 0
4186 0
4187 1
4188 1
4189 0
4190 0
4191 0
4192 0
4193 2
4194 0
4195 2
4196 1
4197 3
4198 2
4199 1
4200 2
4201 1
4202 0
4203 1
4204 0
4205 2
4206 2
4207 0
4208 1
4209 2
4210 2
4211 1
4212 0
4213 1
4214 0
4215 0
4216 2
4217 1
4218 1
4219 1
4220 2
4221 2
4222 1
4223 0
4224 1
4225 0
4226 1
4227 1
4228 0
4229 1
4230 1
4231 0
4232 1
4233 0
4234 0
4235 0
4236 0
4237 3
4238 2
4239 1
4240 0
4241 0
4242 2
4243 0
4244 0
4245 0
4246 1
4247 0
4248 2
4249 0
4250 1
4251 0
4252 1
4253 1
4254 0
4255 0
4256 1
4257 0
4258 0
4259 0
4260 0
4261 2
4262 1
4263 0
4264 0
4265 1
4266 4
4267 2
4268 0
4269 2
4270 0
4271 3
4272 1
4273 1
4274 0
4275 1
4276 0
4277 4
4278 0
4279 0
4280 1
4281 2
4282 1
4283 2
4284 0
4285 1
4286 1
4287 0
4288 0
4289 0
4290 0
4291 1
4292 2
4293 0
4294 0
4295 0
4296 1
4297 0
4298 1
4299 2
4300 1
4301 1
4302 1
4303 0
4304 0
4305 0
4306 1
4307 1
4308 0
4309 0
4310 1
4311 2
4312 1
4313 0
4314 0
4315 0
4316 0
4317 1
4318 1
4319 0
4320 2
4321 2
4322 1
4323 0
4324 3
4325 1
4326 0
4327 0
4328 1
4329 0
4330 2
4331 2
4332 1
4333 2
4334 6
4335 0
4336 3
4337 2
4338 2
4339 1
4340 2
4341 2
4342 0
4343 0
4344 1
4345 2
4346 2
4347 3
4348 0
4349 0
4350 2
4351 0
4352 0
4353 0
4354 0
4355 0
4356 0
4357 0
4358 0
4359 0
4360 0
4361 0
4362 0
4363 0
4364 1
4365 2
4366 0
4367 1
4368 0
4369 0
4370 0
4371 0
4372 0
4373 0
4374 0
4375 0
4376 1
4377 0
4378 0
4379 0
4380 0
4381 0
4382 0
4383 1
4384 5
4385 5
4386 0
4387 1
4388 2
4389 0
4390 1
4391 1
4392 1
4393 0
4394 3
4395 4
4396 1
4397 0
4398 3
4399 5
4400 2
4401 3
4402 1
4403 1
4404 2
4405 4
4406 0
4407 2
4408 1
4409 1
4410 0
4411 2
4412 3
4413 1
4414 2
4415 1
4416 0
4417 0
4418 2
4419 0
4420 2
4421 0
4422 1
4423 0
4424 0
4425 0
4426 1
4427 0
4428 0
4429 0
4430 2
4431 0
4432 0
4433 0
4434 1
4435 0
4436 1
4437 0
4438 0
4439 1
4440 0
4441 0
4442 0
4443 3
4444 0
4445 0
4446 0
4447 0
4448 3
4449 5
4450 0
4451 0
4452 2
4453 2
4454 0
4455 2
4456 1
4457 1
4458 1
4459 4
4460 2
4461 1
4462 3
4463 0
4464 1
4465 1
4466 1
4467 0
4468 0
4469 0
4470 0
4471 0
4472 1
4473 3
4474 1
4475 3
4476 2
4477 0
4478 5
4479 2
4480 0
4481 0
4482 0
4483 4
4484 0
4485 0
4486 2
4487 0
4488 0
4489 0
4490 0
4491 1
4492 0
4493 4
4494 1
4495 1
4496 0
4497 0
4498 2
4499 0
4500 0
4501 0
4502 0
4503 1
4504 3
4505 1
4506 0
4507 0
4508 0
4509 0
4510 0
4511 0
4512 2
4513 2
4514 0
4515 1
4516 0
4517 2
4518 0
4519 1
4520 1
4521 1
4522 1
4523 2
4524 1
4525 1
4526 0
4527 2
4528 3
4529 1
4530 1
4531 0
4532 1
4533 4
4534 0
4535 0
4536 1
4537 1
4538 0
4539 2
4540 2
4541 1
4542 1
4543 1
4544 0
4545 0
4546 1
4547 1
4548 1
4549 1
4550 0
4551 0
4552 0
4553 0
4554 0
4555 1
4556 1
4557 1
4558 0
4559 0
4560 1
4561 0
4562 1
4563 0
4564 0
4565 0
4566 0
4567 1
4568 0
4569 0
4570 0
4571 0
4572 0
4573 1
4574 0
4575 0
4576 3
4577 2
4578 0
4579 1
4580 2
4581 0
4582 1
4583 1
4584 0
4585 1
4586 1
4587 1
4588 1
4589 1
4590 2
4591 0
4592 0
4593 2
4594 1
4595 1
4596 1
4597 2
4598 0
4599 0
4600 1
4601 1
4602 1
4603 1
4604 4
4605 1
4606 0
4607 4
4608 0
4609 0
4610 2
4611 1
4612 1
4613 2
4614 0
4615 0
4616 1
4617 0
4618 2
4619 0
4620 1
4621 0
4622 0
4623 0
4624 0
4625 0
4626 0
4627 0
4628 0
4629 0
4630 0
4631 0
4632 0
4633 0
4634 1
4635 1
4636 0
4637 0
4638 0
4639 0
4640 0
4641 1
4642 2
4643 1
4644 4
4645 1
4646 1
4647 0
4648 1
4649 0
4650 3
4651 0
4652 4
4653 2
4654 0
4655 1
4656 3
4657 2
4658 1
4659 1
4660 2
4661 2
4662 0
4663 1
4664 3
4665 1
4666 1
4667 2
4668 2
4669 1
4670 0
4671 1
4672 1
4673 0
4674 0
4675 1
4676 2
4677 1
4678 0
4679 1
4680 2
4681 0
4682 0
4683 1
4684 0
4685 3
4686 0
4687 0
4688 1
4689 0
4690 0
4691 0
4692 1
4693 0
4694 1
4695 2
4696 0
4697 0
4698 0
4699 0
4700 0
4701 0
4702 0
4703 0
4704 0
4705 4
4706 0
4707 1
4708 2
4709 2
4710 0
4711 0
4712 1
4713 1
4714 1
4715 0
4716 0
4717 1
4718 1
4719 1
4720 1
4721 2
4722 1
4723 0
4724 0
4725 3
4726 0
4727 1
4728 1
4729 2
4730 0
4731 3
4732 3
4733 2
4734 0
4735 1
4736 0
4737 2
4738 0
4739 0
4740 0
4741 0
4742 0
4743 1
4744 1
4745 1
4746 0
4747 2
4748 0
4749 0
4750 1
4751 0
4752 1
4753 0
4754 0
4755 0
4756 0
4757 0
4758 1
4759 1
4760 0
4761 0
4762 0
4763 0
4764 0
4765 0
4766 1
4767 1
4768 2
4769 4
4770 0
4771 0
4772 3
4773 2
4774 0
4775 3
4776 0
4777 0
4778 3
4779 1
4780 1
4781 1
4782 0
4783 3
4784 1
4785 2
4786 1
4787 2
4788 0
4789 4
4790 1
4791 0
4792 0
4793 2
4794 0
4795 2
4796 3
4797 0
4798 0
4799 0
4800 1
4801 0
4802 0
4803 1
4804 0
4805 1
4806 1
4807 1
4808 0
4809 0
4810 0
4811 1
4812 0
4813 1
4814 0
4815 0
4816 0
4817 0
4818 1
4819 0
4820 0
4821 0
4822 0
4823 1
4824 1
4825 0
4826 2
4827 0
4828 0
4829 1
4830 0
4831 0
4832 2
4833 4
4834 0
4835 1
4836 2
4837 1
4838 2
4839 0
4840 2
4841 0
4842 2
4843 2
4844 0
4845 1
4846 1
4847 2
4848 1
4849 1
4850 1
4851 0
4852 1
4853 1
4854 0
4855 1
4856 2
4857 3
4858 0
4859 1
4860 3
4861 0
4862 0
4863 0
4864 1
4865 0
4866 3
4867 1
4868 4
4869 0
4870 2
4871 0
4872 1
4873 0
4874 0
4875 1
4876 3
4877 0
4878 0
4879 0
4880 0
4881 0
4882 2
4883 0
4884 1
4885 0
4886 0
4887 0
4888 1
4889 1
4890 0
4891 0
4892 0
4893 0
4894 1
4895 0
4896 1
4897 2
4898 0
4899 1
4900 1
4901 3
4902 0
4903 0
4904 2
4905 2
4906 0
4907 0
4908 2
4909 1
4910 1
4911 4
4912 2
4913 0
4914 1
4915 1
4916 1
4917 2
4918 0
4919 0
4920 1
4921 2
4922 2
4923 4
4924 3
4925 1
4926 1
4927 1
4928 0
4929 0
4930 1
4931 0
4932 0
4933 1
4934 1
4935 0
4936 1
4937 0
4938 0
4939 0
4940 1
4941 0
4942 2
4943 0
4944 1
4945 0
4946 1
4947 0
4948 0
4949 0
4950 0
4951 0
4952 0
4953 0
4954 1
4955 0
4956 0
4957 0
4958 1
4959 0
4960 2
4961 2
4962 0
4963 1
4964 2
4965 2
4966 2
4967 1
4968 1
4969 2
4970 1
4971 3
4972 1
4973 1
4974 0
4975 3
4976 2
4977 2
4978 1
4979 0
4980 1
4981 4
4982 0
4983 1
4984 1
4985 1
4986 1
4987 6
4988 1
4989 0
4990 1
4991 0
4992 1
4993 0
4994 4
4995 1
4996 0
4997 1
4998 0
4999 2
5000 1
5001 1
5002 0
5003 0
5004 1
5005 2
5006 0
5007 0
5008 0
5009 0
5010 0
5011 0
5012 1
5013 0
5014 0
5015 0
5016 1
5017 0
5018 0
5019 1
5020 0
5021 1
5022 0
5023 0
5024 2
5025 3
5026 0
5027 1
5028 5
5029 3
5030 0
5031 1
5032 1
5033 1
5034 1
5035 5
5036 1
5037 2
5038 0
5039 1
5040 2
5041 1
5042 2
5043 0
5044 1
5045 2
5046 0
5047 0
5048 0
5049 0
5050 0
5051 1
5052 1
5053 2
5054 2
5055 1
5056 0
5057 0
5058 0
5059 1
5060 2
5061 0
5062 0
5063 1
5064 1
5065 1
5066 0
5067 3
5068 5
5069 1
5070 0
5071 0
5072 0
5073 0
5074 0
5075 0
5076 0
5077 1
5078 1
5079 0
5080 1
5081 0
5082 0
5083 0
5084 0
5085 1
5086 0
5087 0
5088 2
5089 5
5090 0
5091 0
5092 2
5093 0
5094 0
5095 1
5096 1
5097 2
5098 3
5099 0
5100 1
5101 0
5102 2
5103 1
5104 0
5105 1
5106 0
5107 1
5108 3
5109 1
5110 0
5111 1
5112 0
5113 1
5114 0
5115 1
5116 0
5117 1
5118 1
5119 0
5120 0
5121 0
5122 1
5123 0
5124 1
5125 0
5126 1
5127 1
5128 1
5129 0
5130 1
5131 0
5132 1
5133 0
5134 0
5135 0
5136 0
5137 0
5138 1
5139 0
5140 0
5141 1
5142 0
5143 0
5144 0
5145 0
5146 0
5147 0
5148 1
5149 0
5150 0
5151 2
5152 1
5153 1
5154 0
5155 1
5156 2
5157 1
5158 2
5159 0
5160 0
5161 1
5162 2
5163 2
5164 2
5165 0
5166 1
5167 1
5168 2
5169 4
5170 0
5171 0
5172 0
5173 3
5174 0
5175 1
5176 0
5177 2
5178 2
5179 2
5180 1
5181 3
5182 2
5183 2
5184 0
5185 0
5186 0
5187 0
5188 0
5189 0
5190 0
5191 1
5192 0
5193 2
5194 0
5195 0
5196 1
5197 3
5198 2
5199 1
5200 0
5201 1
5202 3
5203 0
5204 0
5205 0
5206 0
5207 1
5208 1
5209 0
5210 0
5211 1
5212 0
5213 0
5214 0
5215 0
5216 1
5217 2
5218 1
5219 1
5220 1
5221 0
5222 2
5223 0
5224 1
5225 0
5226 0
5227 0
5228 1
5229 2
5230 1
5231 0
5232 0
5233 5
5234 1
5235 1
5236 0
5237 4
5238 1
5239 1
5240 2
5241 0
5242 0
5243 1
5244 2
5245 0
5246 0
5247 2
5248 0
5249 0
5250 0
5251 1
5252 2
5253 1
5254 1
5255 0
5256 2
5257 0
5258 1
5259 0
5260 1
5261 1
5262 1
5263 1
5264 0
5265 1
5266 0
5267 1
5268 0
5269 0
5270 1
5271 1
5272 2
5273 0
5274 1
5275 0
5276 0
5277 1
5278 0
5279 0
5280 0
5281 6
5282 0
5283 0
5284 2
5285 2
5286 1
5287 1
5288 1
5289 2
5290 0
5291 3
5292 0
5293 4
5294 1
5295 1
5296 3
5297 3
5298 3
5299 2
5300 0
5301 2
5302 0
5303 0
5304 2
5305 1
5306 0
5307 4
5308 1
5309 2
5310 1
5311 2
5312 0
5313 1
5314 0
5315 3
5316 0
5317 0
5318 0
5319 0
5320 1
5321 1
5322 1
5323 2
5324 2
5325 2
5326 0
5327 0
5328 0
5329 0
5330 1
5331 0
5332 0
5333 0
5334 1
5335 3
5336 2
5337 0
5338 0
5339 0
5340 0
5341 0
5342 0
5343 0
5344 0
5345 2
5346 0
5347 1
5348 3
5349 1
5350 0
5351 0
5352 2
5353 0
5354 3
5355 1
5356 3
5357 2
5358 1
5359 3
5360 2
5361 1
5362 0
5363 2
5364 2
5365 3
5366 0
5367 0
5368 4
5369 1
5370 2
5371 2
5372 0
5373 0
5374 1
5375 0
5376 0
5377 0
5378 1
5379 0
5380 1
5381 1
5382 2
5383 1
5384 1
5385 0
5386 0
5387 1
5388 0
5389 0
5390 0
5391 0
5392 1
5393 1
5394 1
5395 0
5396 0
5397 2
5398 0
5399 0
5400 1
5401 0
5402 0
5403 0
5404 0
5405 0
5406 0
5407 1
5408 2
5409 1
5410 0
5411 0
5412 3
5413 1
5414 0
5415 0
5416 0
5417 1
5418 0
5419 1
5420 1
5421 0
5422 2
5423 0
5424 1
5425 2
5426 0
5427 1
5428 1
5429 1
5430 0
5431 2
5432 1
5433 3
5434 1
5435 2
5436 3
5437 1
5438 0
5439 0
5440 0
5441 0
5442 2
5443 1
5444 0
5445 0
5446 1
5447 1
5448 1
5449 0
5450 0
5451 0
5452 1
5453 1
5454 1
5455 0
5456 0
5457 0
5458 0
5459 1
5460 0
5461 0
5462 0
5463 1
5464 1
5465 0
5466 0
5467 0
5468 0
5469 0
5470 0
5471 0
5472 3
5473 2
5474 0
5475 0
5476 1
5477 3
5478 1
5479 0
5480 2
5481 0
5482 2
5483 2
5484 3
5485 2
5486 0
5487 3
5488 1
5489 1
5490 1
5491 1
5492 1
5493 4
5494 0
5495 0
5496 0
5497 1
5498 0
5499 3
5500 3
5501 1
5502 1
5503 0
5504 1
5505 0
5506 0
5507 1
5508 1
5509 0
5510 0
5511 0
5512 1
5513 0
5514 0
5515 3
5516 0
5517 1
5518 1
5519 0
5520 1
5521 0
5522 1
5523 0
5524 1
5525 0
5526 2
5527 0
5528 0
5529 0
5530 1
5531 1
5532 0
5533 1
5534 1
5535 0
5536 1
5537 1
5538 0
5539 1
5540 2
5541 1
5542 1
5543 2
5544 1
5545 0
5546 2
5547 2
5548 2
5549 1
5550 1
5551 1
5552 2
5553 3
5554 2
5555 1
5556 0
5557 4
5558 0
5559 1
5560 1
5561 2
5562 0
5563 2
5564 0
5565 0
5566 0
5567 0
5568 0
5569 0
5570 0
5571 1
5572 1
5573 0
5574 0
5575 0
5576 0
5577 0
5578 0
5579 2
5580 0
5581 0
5582 1
5583 0
5584 0
5585 0
5586 1
5587 0
5588 0
5589 0
5590 0
5591 0
5592 1
5593 0
5594 4
5595 1
5596 1
5597 2
5598 0
5599 0
5600 2
5601 4
5602 0
5603 0
5604 3
5605 3
5606 1
5607 3
5608 0
5609 0
5610 0
5611 1
5612 3
5613 0
5614 0
5615 4
5616 3
5617 2
5618 0
5619 2
5620 3
5621 4
5622 1
5623 0
5624 1
5625 0
5626 0
5627 3
5628 4
5629 1
5630 0
5631 0
5632 0
5633 0
5634 1
5635 0
5636 1
5637 1
5638 1
5639 0
5640 2
5641 0
5642 0
5643 0
5644 1
5645 0
5646 0
5647 1
5648 0
5649 0
5650 0
5651 0
5652 0
5653 0
5654 0
5655 0
5656 1
5657 0
5658 0
5659 0
5660 0
5661 0
5662 0
5663 0
5664 5
5665 5
5666 0
5667 0
5668 2
5669 2
5670 2
5671 0
5672 1
5673 0
5674 3
5675 3
5676 1
5677 0
5678 1
5679 4
5680 2
5681 2
5682 2
5683 0
5684 1
5685 1
5686 1
5687 0
5688 1
5689 1
5690 0
5691 3
5692 2
5693 2
5694 2
5695 1
5696 0
5697 0
5698 1
5699 1
5700 1
5701 1
5702 1
5703 2
5704 2
5705 0
5706 1
5707 1
5708 0
5709 1
5710 1
5711 0
5712 0
5713 0
5714 1
5715 0
5716 0
5717 0
5718 0
5719 0
5720 0
5721 0
5722 0
5723 0
5724 0
5725 1
5726 0
5727 0
5728 2
5729 3
5730 0
5731 0
5732 1
5733 2
5734 1
5735 0
5736 1
5737 1
5738 0
5739 1
5740 0
5741 0
5742 0
5743 1
5744 0
5745 2
5746 1
5747 1
5748 0
5749 5
5750 0
5751 1
5752 0
5753 3
5754 0
5755 3
5756 1
5757 1
5758 0
5759 1
5760 0
5761 0
5762 1
5763 0
5764 2
5765 0
5766 1
5767 0
5768 1
5769 1
5770 0
5771 0
5772 2
5773 0
5774 0
5775 1
5776 0
5777 1
5778 0
5779 0
5780 0
5781 0
5782 0
5783 0
5784 3
5785 0
5786 1
5787 0
5788 0
5789 0
5790 0
5791 1
5792 0
5793 0
5794 0
5795 0
5796 3
5797 0
5798 0
5799 0
5800 0
5801 0
5802 4
5803 1
5804 1
5805 0
5806 2
5807 0
5808 0
5809 3
5810 0
5811 0
5812 1
5813 3
5814 1
5815 0
5816 1
5817 1
5818 1
5819 3
5820 1
5821 1
5822 0
5823 2
5824 0
5825 0
5826 1
5827 2
5828 0
5829 0
5830 0
5831 2
5832 1
5833 1
5834 0
5835 0
5836 0
5837 0
5838 0
5839 0
5840 1
5841 0
5842 0
5843 1
5844 0
5845 0
5846 1
5847 1
5848 2
5849 0
5850 1
5851 1
5852 0
5853 0
5854 0
5855 0
5856 2
5857 1
5858 0
5859 0
5860 1
5861 1
5862 3
5863 0
5864 0
5865 0
5866 0
5867 2
5868 2
5869 3
5870 4
5871 0
5872 2
5873 2
5874 3
5875 3
5876 0
5877 3
5878 0
5879 0
5880 2
5881 1
5882 1
5883 0
5884 3
5885 2
5886 1
5887 3
5888 0
5889 0
5890 1
5891 2
5892 1
5893 0
5894 1
5895 0
5896 0
5897 0
5898 0
5899 1
5900 2
5901 0
5902 2
5903 0
5904 0
5905 0
5906 1
5907 0
5908 0
5909 1
5910 0
5911 1
5912 0
5913 2
5914 1
5915 0
5916 0
5917 1
5918 0
5919 0
5920 3
5921 3
5922 0
5923 1
5924 2
5925 1
5926 2
5927 0
5928 3
5929 0
5930 0
5931 2
5932 2
5933 1
5934 2
5935 3
5936 3
5937 4
5938 3
5939 0
5940 2
5941 1
5942 0
5943 0
5944 1
5945 1
5946 0
5947 1
5948 4
5949 1
5950 0
5951 1
5952 0
5953 0
5954 2
5955 2
5956 0
5957 0
5958 1
5959 1
5960 0
5961 0
5962 0
5963 0
5964 1
5965 0
5966 1
5967 0
5968 0
5969 0
5970 0
5971 0
5972 0
5973 1
5974 1
5975 0
5976 1
5977 0
5978 0
5979 1
5980 1
5981 0
5982 0
5983 0
5984 1
5985 4
5986 0
5987 0
5988 3
5989 3
5990 0
5991 3
5992 0
5993 1
5994 3
5995 1
5996 3
5997 3
5998 1
5999 3
6000 3
6001 4
6002 1
6003 2
6004 0
6005 3
6006 0
6007 0
6008 0
6009 2
6010 0
6011 1
6012 2
6013 2
6014 0
6015 0
6016 0
6017 0
6018 0
6019 2
6020 2
6021 1
6022 0
6023 3
6024 1
6025 0
6026 0
6027 0
6028 1
6029 1
6030 0
6031 0
6032 0
6033 0
6034 2
6035 0
6036 0
6037 0
6038 1
6039 0
6040 1
6041 0
6042 0
6043 0
6044 0
6045 0
6046 0
6047 0
6048 0
6049 2
6050 0
6051 0
6052 1
6053 2
6054 0
6055 1
6056 0
6057 0
6058 1
6059 2
6060 0
6061 1
6062 1
6063 1
6064 0
6065 0
6066 0
6067 1
6068 0
6069 3
6070 1
6071 1
6072 1
6073 0
6074 0
6075 4
6076 0
6077 0
6078 0
6079 1
6080 0
6081 0
6082 1
6083 3
6084 0
6085 1
6086 0
6087 0
6088 0
6089 1
6090 1
6091 1
6092 3
6093 4
6094 0
6095 0
6096 0
6097 0
6098 0
6099 0
6100 0
6101 0
6102 1
6103 2
6104 0
6105 0
6106 4
6107 1
6108 1
6109 0
6110 0
6111 0
6112 3
6113 4
6114 0
6115 1
6116 3
6117 0
6118 0
6119 0
6120 2
6121 0
6122 0
6123 1
6124 0
6125 2
6126 6
6127 3
6128 4
6129 1
6130 2
6131 2
6132 1
6133 3
6134 0
6135 2
6136 0
6137 1
6138 1
6139 2
6140 0
6141 1
6142 0
6143 0
6144 0
6145 0
6146 0
6147 0
6148 0
6149 0
6150 0
6151 1
6152 0
6153 0
6154 1
6155 0
6156 1
6157 0
6158 1
6159 1
6160 0
6161 0
6162 1
6163 0
6164 0
6165 0
6166 0
6167 0
6168 0
6169 1
6170 0
6171 1
6172 0
6173 0
6174 0
6175 1
6176 1
6177 1
6178 1
6179 3
6180 2
6181 0
6182 0
6183 5
6184 3
6185 0
6186 5
6187 2
6188 1
6189 1
6190 1
6191 2
6192 5
6193 3
6194 1
6195 1
6196 3
6197 4
6198 0
6199 0
6200 5
6201 2
6202 4
6203 5
6204 1
6205 1
6206 4
6207 1
6208 0
6209 0
6210 1
6211 0
6212 1
6213 0
6214 3
6215 1
6216 0
6217 0
6218 0
6219 0
6220 0
6221 1
6222 0
6223 0
6224 1
6225 0
6226 2
6227 0
6228 0
6229 0
6230 1
6231 0
6232 2
6233 1
6234 0
6235 0
6236 1
6237 0
6238 2
6239 0
6240 2
6241 4
6242 1
6243 0
6244 1
6245 1
6246 1
6247 1
6248 0
6249 1
6250 1
6251 3
6252 0
6253 0
6254 1
6255 2
6256 1
6257 2
6258 2
6259 1
6260 0
6261 2
6262 0
6263 1
6264 1
6265 1
6266 1
6267 1
6268 2
6269 0
6270 0
6271 0
6272 0
6273 0
6274 2
6275 2
6276 0
6277 0
6278 0
6279 1
6280 0
6281 0
6282 0
6283 3
6284 1
6285 1
6286 0
6287 0
6288 0
6289 0
6290 0
6291 1
6292 1
6293 0
6294 1
6295 0
6296 1
6297 0
6298 1
6299 1
6300 1
6301 1
6302 0
6303 1
6304 2
6305 2
6306 1
6307 1
6308 1
6309 2
6310 1
6311 1
6312 1
6313 1
6314 1
6315 2
6316 3
6317 1
6318 0
6319 4
6320 1
6321 0
6322 2
6323 0
6324 1
6325 3
6326 1
6327 0
6328 1
6329 1
6330 0
6331 2
6332 2
6333 2
6334 2
6335 1
6336 0
6337 0
6338 0
6339 0
6340 0
6341 1
6342 2
6343 2
6344 1
6345 1
6346 0
6347 3
6348 2
6349 3
6350 1
6351 0
6352 0
6353 1
6354 0
6355 1
6356 0
6357 0
6358 0
6359 1
6360 0
6361 0
6362 0
6363 0
6364 0
6365 0
6366 0
6367 1
6368 2
6369 5
6370 0
6371 2
6372 2
6373 1
6374 3
6375 1
6376 1
6377 1
6378 4
6379 1
6380 1
6381 1
6382 3
6383 1
6384 0
6385 3
6386 3
6387 1
6388 0
6389 2
6390 0
6391 0
6392 0
6393 2
6394 1
6395 1
6396 0
6397 1
6398 0
6399 0
6400 0
6401 0
6402 2
6403 0
6404 0
6405 1
6406 0
6407 0
6408 0
6409 0
6410 0
6411 0
6412 1
6413 1
6414 4
6415 1
6416 1
6417 1
6418 2
6419 0
6420 0
6421 0
6422 1
6423 0
6424 0
6425 0
6426 0
6427 0
6428 0
6429 1
6430 0
6431 1
6432 1
6433 1
6434 0
6435 1
6436 5
6437 0
6438 0
6439 0
6440 0
6441 2
6442 1
6443 1
6444 4
6445 2
6446 2
6447 2
6448 2
6449 1
6450 0
6451 1
6452 0
6453 4
6454 0
6455 3
6456 2
6457 2
6458 2
6459 1
6460 2
6461 1
6462 0
6463 0
6464 0
6465 0
6466 0
6467 0
6468 0
6469 0
6470 0
6471 1
6472 0
6473 0
6474 0
6475 0
6476 1
6477 1
6478 0
6479 1
6480 0
6481 0
6482 0
6483 0
6484 0
6485 1
6486 0
6487 0
6488 1
6489 0
6490 0
6491 0
6492 0
6493 1
6494 2
6495 1
6496 0
6497 3
6498 2
6499 1
6500 2
6501 1
6502 1
6503 0
6504 0
6505 0
6506 2
6507 0
6508 2
6509 3
6510 1
6511 1
6512 1
6513 5
6514 3
6515 0
6516 1
6517 2
6518 0
6519 0
6520 0
6521 2
6522 1
6523 3
6524 2
6525 1
6526 1
6527 1
6528 1
6529 0
6530 1
6531 1
6532 0
6533 0
6534 1
6535 1
6536 2
6537 0
6538 1
6539 1
6540 0
6541 1
6542 0
6543 0
6544 0
6545 1
6546 2
6547 0
6548 0
6549 0
6550 0
6551 2
6552 1
6553 0
6554 0
6555 0
6556 0
6557 0
6558 0
6559 0
6560 1
6561 3
6562 0
6563 1
6564 0
6565 2
6566 2
6567 0
6568 2
6569 2
6570 2
6571 0
6572 3
6573 1
6574 0
6575 2
6576 2
6577 2
6578 2
6579 1
6580 0
6581 5
6582 0
6583 0
6584 1
6585 1
6586 1
6587 1
6588 0
6589 2
6590 0
6591 1
6592 0
6593 1
6594 0
6595 3
6596 1
6597 0
6598 0
6599 2
6600 1
6601 1
6602 1
6603 1
6604 0
6605 1
6606 1
6607 1
6608 0
6609 0
6610 0
6611 0
6612 2
6613 0
6614 0
6615 2
6616 2
6617 2
6618 1
6619 0
6620 1
6621 0
6622 0
6623 2
6624 2
6625 4
6626 1
6627 1
6628 1
6629 1
6630 1
6631 1
6632 3
6633 0
6634 1
6635 1
6636 2
6637 0
6638 1
6639 3
6640 3
6641 2
6642 3
6643 1
6644 0
6645 3
6646 0
6647 1
6648 0
6649 2
6650 1
6651 2
6652 0
6653 0
6654 2
6655 1
6656 0
6657 0
6658 2
6659 0
6660 0
6661 2
6662 0
6663 1
6664 0
6665 0
6666 1
6667 0
6668 1
6669 1
6670 1
6671 1
6672 0
6673 0
6674 1
6675 0
6676 0
6677 0
6678 1
6679 0
6680 0
6681 1
6682 0
6683 0
6684 0
6685 0
6686 0
6687 0
6688 4
6689 2
6690 0
6691 1
6692 1
6693 1
6694 1
6695 0
6696 0
6697 2
6698 5
6699 0
6700 1
6701 2
6702 2
6703 1
6704 3
6705 0
6706 2
6707 1
6708 0
6709 3
6710 0
6711 0
6712 3
6713 3
6714 0
6715 1
6716 0
6717 2
6718 2
6719 1
6720 0
6721 0
6722 1
6723 0
6724 2
6725 1
6726 0
6727 1
6728 1
6729 0
6730 0
6731 1
6732 2
6733 2
6734 1
6735 0
6736 0
6737 0
6738 2
6739 0
6740 0
6741 0
6742 0
6743 0
6744 0
6745 0
6746 0
6747 2
6748 0
6749 0
6750 1
6751 0
6752 0
6753 1
6754 0
6755 0
6756 0
6757 2
6758 1
6759 2
6760 1
6761 1
6762 0
6763 1
6764 2
6765 4
6766 1
6767 0
6768 2
6769 1
6770 2
6771 1
6772 2
6773 4
6774 0
6775 2
6776 4
6777 1
6778 0
6779 2
6780 2
6781 1
6782 1
6783 2
6784 0
6785 0
6786 3
6787 1
6788 1
6789 1
6790 1
6791 2
6792 0
6793 0
6794 0
6795 0
6796 1
6797 1
6798 1
6799 0
6800 0
6801 0
6802 0
6803 0
6804 0
6805 0
6806 0
6807 1
6808 0
6809 0
6810 1
6811 1
6812 0
6813 1
6814 1
6815 1
6816 0
6817 1
6818 0
6819 0
6820 1
6821 3
6822 2
6823 1
6824 1
6825 1
6826 0
6827 2
6828 0
6829 1
6830 0
6831 1
6832 1
6833 4
6834 3
6835 0
6836 1
6837 3
6838 0
6839 1
6840 1
6841 0
6842 0
6843 4
6844 0
6845 2
6846 0
6847 1
6848 0
6849 0
6850 1
6851 1
6852 1
6853 0
6854 0
6855 2
6856 1
6857 0
6858 0
6859 0
6860 0
6861 1
6862 0
6863 0
6864 0
6865 0
6866 0
6867 1
6868 0
6869 0
6870 0
6871 0
6872 2
6873 0
6874 2
6875 0
6876 2
6877 0
6878 1
6879 0
6880 3
6881 5
6882 0
6883 0
6884 2
6885 1
6886 1
6887 0
6888 2
6889 0
6890 3
6891 1
6892 2
6893 3
6894 0
6895 2
6896 1
6897 2
6898 2
6899 0
6900 3
6901 3
6902 1
6903 0
6904 1
6905 0
6906 2
6907 1
6908 3
6909 1
6910 1
6911 1
6912 0
6913 0
6914 0
6915 0
6916 0
6917 0
6918 1
6919 0
6920 2
6921 1
6922 0
6923 0
6924 2
6925 0
6926 0
6927 0
6928 0
6929 0
6930 1
6931 2
6932 1
6933 0
6934 0
6935 0
6936 0
6937 0
6938 0
6939 0
6940 0
6941 0
6942 0
6943 1
6944 3
6945 4
6946 2
6947 0
6948 3
6949 0
6950 1
6951 0
6952 2
6953 1
6954 3
6955 2
6956 4
6957 0
6958 3
6959 2
6960 2
6961 0
6962 1
6963 1
6964 1
6965 3
6966 0
6967 0
6968 0
6969 1
6970 1
6971 2
6972 1
6973 0
6974 0
6975 0
6976 0
6977 1
6978 3
6979 0
6980 0
6981 0
6982 0
6983 0
6984 2
6985 1
6986 1
6987 0
6988 0
6989 0
6990 1
6991 0
6992 1
6993 0
6994 1
6995 0
6996 0
6997 0
6998 2
6999 0
7000 1
7001 1
7002 0
7003 0
7004 2
7005 1
7006 0
7007 0
7008 2
7009 0
7010 0
7011 0
7012 1
7013 2
7014 1
7015 0
7016 1
7017 0
7018 2
7019 1
7020 4
7021 0
7022 1
7023 1
7024 1
7025 4
7026 1
7027 1
7028 0
7029 2
7030 0
7031 0
7032 1
7033 1
7034 1
7035 1
7036 1
7037 1
7038 1
7039 4
7040 1
7041 0
7042 0
7043 1
7044 2
7045 1
7046 1
7047 1
7048 0
7049 1
7050 0
7051 1
7052 0
7053 0
7054 1
7055 0
7056 0
7057 1
7058 2
7059 1
7060 2
7061 0
7062 0
7063 0
7064 0
7065 0
7066 1
7067 0
7068 1
7069 0
7070 0
7071 0
7072 3
7073 1
7074 0
7075 0
7076 2
7077 4
7078 2
7079 1
7080 0
7081 0
7082 2
7083 4
7084 1
7085 2
7086 2
7087 0
7088 0
7089 3
7090 1
7091 1
7092 1
7093 6
7094 0
7095 0
7096 0
7097 0
7098 0
7099 0
7100 0
7101 0
7102 1
7103 0
7104 0
7105 0
7106 3
7107 0
7108 1
7109 1
7110 1
7111 0
7112 0
7113 0
7114 1
7115 0
7116 2
7117 2
7118 0
7119 0
7120 0
7121 0
7122 0
7123 0
7124 1
7125 0
7126 1
7127 0
7128 1
7129 0
7130 0
7131 0
7132 1
7133 1
7134 0
7135 0
7136 4
7137 1
7138 0
7139 0
7140 1
7141 0
7142 1
7143 1
7144 0
7145 1
7146 1
7147 1
7148 3
7149 0
7150 1
7151 2
7152 6
7153 1
7154 1
7155 1
7156 1
7157 5
7158 0
7159 2
7160 0
7161 0
7162 0
7163 1
7164 1
7165 1
7166 0
7167 2
7168 0
7169 0
7170 0
7171 2
7172 1
7173 0
7174 0
7175 2
7176 0
7177 0
7178 0
7179 0
7180 0
7181 1
7182 2
7183 0
7184 0
7185 0
7186 1
7187 1
7188 1
7189 0
7190 0
7191 0
7192 1
7193 0
7194 0
7195 0
7196 0
7197 0
7198 0
7199 1
7200 2
7201 4
7202 2
7203 1
7204 5
7205 0
7206 2
7207 2
7208 1
7209 0
7210 2
7211 1
7212 3
7213 4
7214 1
7215 2
7216 3
7217 1
7218 2
7219 0
7220 1
7221 4
7222 0
7223 0
7224 1
7225 0
7226 3
7227 3
7228 1
7229 0
7230 4
7231 0
7232 0
7233 0
7234 0
7235 0
7236 0
7237 1
7238 1
7239 1
7240 2
7241 0
7242 0
7243 0
7244 2
7245 0
7246 0
7247 0
7248 0
7249 0
7250 1
7251 0
7252 0
7253 0
7254 0
7255 1
7256 0
7257 0
7258 0
7259 0
7260 0
7261 1
7262 0
7263 0
7264 1
7265 3
7266 0
7267 0
7268 1
7269 1
7270 1
7271 0
7272 1
7273 0
7274 0
7275 1
7276 1
7277 1
7278 1
7279 4
7280 1
7281 1
7282 2
7283 2
7284 1
7285 3
7286 0
7287 1
7288 0
7289 0
7290 1
7291 3
7292 1
7293 0
7294 0
7295 1
7296 0
7297 0
7298 0
7299 1
7300 0
7301 0
7302 1
7303 2
7304 2
7305 0
7306 0
7307 3
7308 3
7309 0
7310 0
7311 1
7312 0
7313 0
7314 1
7315 0
7316 0
7317 0
7318 0
7319 0
7320 2
7321 1
7322 2
7323 0
7324 0
7325 0
7326 0
7327 0
7328 3
7329 2
7330 0
7331 3
7332 1
7333 2
7334 0
7335 0
7336 1
7337 0
7338 0
7339 0
7340 4
7341 0
7342 1
7343 0
7344 1
7345 1
7346 0
7347 0
7348 0
7349 2
7350 0
7351 0
7352 1
7353 0
7354 1
7355 0
7356 1
7357 0
7358 0
7359 2
7360 0
7361 0
7362 0
7363 0
7364 0
7365 0
7366 0
7367 1
7368 0
7369 0
7370 0
7371 1
7372 0
7373 2
7374 0
7375 0
7376 0
7377 1
7378 1
7379 0
7380 1
7381 0
7382 2
7383 0
7384 0
7385 0
7386 1
7387 0
7388 0
7389 1
7390 1
7391 0
7392 5
7393 1
7394 0
7395 1
7396 1
7397 1
7398 3
7399 0
7400 2
7401 0
7402 6
7403 0
7404 1
7405 0
7406 4
7407 3
7408 2
7409 3
7410 3
7411 4
7412 0
7413 5
7414 0
7415 0
7416 4
7417 3
7418 3
7419 1
7420 1
7421 1
7422 0
7423 1
7424 0
7425 0
7426 0
7427 1
7428 1
7429 1
7430 0
7431 2
7432 1
7433 0
7434 1
7435 2
7436 2
7437 0
7438 2
7439 0
7440 1
7441 0
7442 0
7443 0
7444 0
7445 0
7446 2
7447 1
7448 0
7449 0
7450 1
7451 1
7452 0
7453 0
7454 2
7455 0
7456 1
7457 0
7458 0
7459 0
7460 2
7461 3
7462 0
7463 1
7464 0
7465 1
7466 1
7467 1
7468 2
7469 1
7470 5
7471 0
7472 2
7473 2
7474 3
7475 1
7476 0
7477 4
7478 0
7479 1
7480 1
7481 0
7482 0
7483 0
7484 1
7485 0
7486 1
7487 2
7488 0
7489 0
7490 0
7491 2
7492 3
7493 0
7494 0
7495 0
7496 1
7497 0
7498 1
7499 0
7500 2
7501 1
7502 1
7503 0
7504 1
7505 0
7506 0
7507 0
7508 0
7509 0
7510 0
7511 0
7512 1
7513 1
7514 0
7515 0
7516 0
7517 0
7518 1
7519 2
7520 3
7521 2
7522 1
7523 0
7524 1
7525 2
7526 1
7527 1
7528 4
7529 1
7530 3
7531 2
7532 1
7533 1
7534 2
7535 0
7536 1
7537 3
7538 2
7539 2
7540 1
7541 5
7542 1
7543 0
7544 1
7545 1
7546 2
7547 4
7548 2
7549 3
7550 2
7551 0
7552 0
7553 0
7554 1
7555 0
7556 1
7557 0
7558 0
7559 0
7560 2
7561 0
7562 0
7563 1
7564 0
7565 2
7566 1
7567 0
7568 0
7569 0
7570 0
7571 0
7572 0
7573 0
7574 0
7575 1
7576 0
7577 0
7578 1
7579 1
7580 0
7581 0
7582 1
7583 0
7584 1
7585 3
7586 0
7587 1
7588 2
7589 1
7590 1
7591 1
7592 2
7593 0
7594 0
7595 3
7596 4
7597 1
7598 0
7599 0
7600 0
7601 2
7602 0
7603 0
7604 1
7605 2
7606 0
7607 0
7608 0
7609 0
7610 0
7611 3
7612 1
7613 0
7614 1
7615 1
7616 0
7617 0
7618 2
7619 2
7620 1
7621 0
7622 0
7623 0
7624 0
7625 1
7626 2
7627 0
7628 0
7629 2
7630 0
7631 1
7632 0
7633 0
7634 0
7635 1
7636 1
7637 0
7638 1
7639 0
7640 2
7641 1
7642 0
7643 0
7644 0
7645 1
7646 2
7647 1
7648 3
7649 4
7650 0
7651 1
7652 1
7653 1
7654 0
7655 2
7656 2
7657 0
7658 2
7659 0
7660 2
7661 1
7662 3
7663 1
7664 2
7665 1
7666 2
7667 1
7668 1
7669 1
7670 0
7671 0
7672 0
7673 1
7674 0
7675 4
7676 0
7677 0
7678 3
7679 0
7680 1
7681 0
7682 0
7683 0
7684 0
7685 0
7686 2
7687 2
7688 0
7689 1
7690 0
7691 0
7692 0
7693 1
7694 0
7695 0
7696 2
7697 1
7698 1
7699 0
7700 0
7701 1
7702 1
7703 1
7704 2
7705 0
7706 1
7707 0
7708 0
7709 1
7710 1
7711 0
7712 4
7713 4
7714 0
7715 1
7716 3
7717 2
7718 3
7719 2
7720 1
7721 0
7722 3
7723 1
7724 2
7725 0
7726 5
7727 1
7728 1
7729 2
7730 1
7731 2
7732 0
7733 1
7734 0
7735 0
7736 0
7737 0
7738 0
7739 3
7740 3
7741 0
7742 1
7743 3
7744 0
7745 0
7746 1
7747 0
7748 0
7749 2
7750 1
7751 0
7752 0
7753 1
7754 0
7755 0
7756 1
7757 0
7758 0
7759 0
7760 0
7761 0
7762 1
7763 0
7764 0
7765 0
7766 0
7767 0
7768 2
7769 0
7770 1
7771 1
7772 0
7773 0
7774 0
7775 1
7776 0
7777 2
7778 0
7779 0
7780 1
7781 2
7782 0
7783 1
7784 0
7785 1
7786 0
7787 1
7788 0
7789 1
7790 0
7791 2
7792 2
7793 1
7794 0
7795 0
7796 1
7797 2
7798 0
7799 0
7800 1
7801 0
7802 1
7803 3
7804 1
7805 2
7806 1
7807 0
7808 0
7809 0
7810 0
7811 1
7812 1
7813 0
7814 1
7815 0
7816 1
7817 0
7818 0
7819 0
7820 1
7821 2
7822 0
7823 2
7824 0
7825 2
7826 1
7827 1
7828 0
7829 0
7830 0
7831 0
7832 1
7833 0
7834 2
7835 0
7836 0
7837 0
7838 0
7839 0
7840 2
7841 5
7842 1
7843 0
7844 2
7845 1
7846 1
7847 2
7848 0
7849 0
7850 1
7851 1
7852 1
7853 0
7854 0
7855 0
7856 2
7857 1
7858 1
7859 0
7860 0
7861 3
7862 0
7863 0
7864 0
7865 2
7866 1
7867 1
7868 2
7869 2
7870 2
7871 1
7872 0
7873 2
7874 2
7875 1
7876 0
7877 0
7878 0
7879 4
7880 0
7881 0
7882 1
7883 0
7884 0
7885 1
7886 1
7887 0
7888 0
7889 0
7890 2
7891 1
7892 0
7893 0
7894 0
7895 2
7896 2
7897 2
7898 3
7899 0
7900 2
7901 1
7902 0
7903 2
7904 1
7905 1
7906 0
7907 0
7908 3
7909 1
7910 2
7911 1
7912 0
7913 2
7914 1
7915 0
7916 2
7917 1
7918 3
7919 3
7920 1
7921 0
7922 1
7923 0
7924 1
7925 4
7926 1
7927 0
7928 0
7929 0
7930 0
7931 4
7932 2
7933 2
7934 1
7935 1
7936 0
7937 0
7938 1
7939 2
7940 0
7941 0
7942 0
7943 0
7944 1
7945 0
7946 0
7947 1
7948 0
7949 0
7950 1
7951 0
7952 0
7953 0
7954 0
7955 0
7956 0
7957 0
7958 0
7959 2
7960 0
7961 1
7962 0
7963 1
7964 0
7965 0
7966 0
7967 0
7968 3
7969 4
7970 1
7971 0
7972 4
7973 0
7974 2
7975 1
7976 3
7977 1
7978 2
7979 1
7980 4
7981 3
7982 4
7983 0
7984 2
7985 1
7986 1
7987 0
7988 1
7989 3
7990 0
7991 0
7992 2
7993 0
7994 1
7995 4
7996 1
7997 0
7998 1
7999 1
