0 0
1 0
2 0
3 0
4 0
5 0
6 0
7 0
8 0
9 0
10 0
11 0
12 0
13 0
14 0
15 0
16 0
17 0
18 0
19 0
20 0
21 0
22 0
23 0
24 0
25 0
26 0
27 0
28 0
29 0
30 0
31 0
32 0
33 0
34 0
35 0
36 0
37 0
38 0
39 0
40 0
41 0
42 0
43 0
44 0
45 0
46 0
47 0
48 0
49 0
50 0
51 0
52 0
53 0
54 0
55 0
56 0
57 0
58 0
59 0
60 0
61 0
62 0
63 0
64 0
65 0
66 0
67 0
68 0
69 0
70 0
71 0
72 0
73 0
74 0
75 0
76 0
77 0
78 0
79 0
80 0
81 0
82 0
83 0
84 0
85 0
86 0
87 0
88 0
89 0
90 0
91 0
92 0
93 0
94 0
95 0
96 0
97 0
98 0
99 0
100 0
101 0
102 0
103 0
104 0
105 0
106 0
107 0
108 0
109 0
110 0
111 0
112 0
113 0
114 0
115 0
116 0
117 0
118 0
119 0
120 0
121 0
122 0
123 0
124 0
125 0
126 0
127 0
128 0
129 0
130 0
131 0
132 0
133 0
134 0
135 0
136 0
137 0
138 0
139 0
140 0
141 0
142 0
143 0
144 0
145 0
146 0
147 0
148 0
149 0
150 0
151 0
152 0
153 0
154 0
155 0
156 0
157 0
158 0
159 0
160 0
161 0
162 0
163 0
164 0
165 0
166 0
167 0
168 0
169 0
170 0
171 0
172 0
173 0
174 0
175 0
176 0
177 0
178 0
179 0
180 0
181 0
182 0
183 0
184 0
185 0
186 0
187 0
188 0
189 0
190 0
191 0
192 0
193 0
194 0
195 0
196 0
197 0
198 0
199 0
200 0
201 0
202 0
203 0
204 0
205 0
206 0
207 0
208 0
209 0
210 0
211 0
212 0
213 0
214 0
215 0
216 0
217 0
218 0
219 0
220 0
221 0
222 0
223 0
224 0
225 0
226 0
227 0
228 0
229 0
230 0
231 0
232 0
233 0
234 0
235 0
236 0
237 0
238 0
239 0
240 0
241 0
242 0
243 0
244 0
245 0
246 0
247 0
248 0
249 0
250 0
251 0
252 0
253 0
254 0
255 0
256 0
257 0
258 0
259 0
260 0
261 0
262 0
263 0
264 0
265 0
266 0
267 0
268 0
269 0
270 0
271 0
272 0
273 0
274 0
275 0
276 0
277 0
278 0
279 0
280 0
281 0
282 0
283 0
284 0
285 0
286 0
287 0
288 0
289 0
290 0
291 0
292 0
293 0
294 0
295 0
296 0
297 0
298 0
299 0
300 0
301 0
302 0
303 0
304 0
305 0
306 0
307 0
308 0
309 0
310 0
311 0
312 0
313 0
314 0
315 0
316 0
317 0
318 0
319 0
320 0
321 0
322 0
323 0
324 0
325 0
326 0
327 0
328 0
329 0
330 0
331 0
332 0
333 0
334 0
335 0
336 0
337 0
338 0
339 0
340 0
341 0
342 0
343 0
344 0
345 0
346 0
347 0
348 0
349 0
350 0
351 0
352 0
353 0
354 0
355 0
356 0
357 0
358 0
359 0
360 0
361 0
362 0
363 0
364 0
365 0
366 0
367 0
368 0
369 0
370 0
371 0
372 0
373 0
374 0
375 0
376 0
377 0
378 0
379 0
380 0
381 0
382 0
383 0
384 0
385 0
386 0
387 0
388 0
389 0
390 0
391 0
392 0
393 0
394 0
395 0
396 0
397 0
398 0
399 0
400 0
401 0
402 0
403 0
404 0
405 0
406 0
407 0
408 0
409 0
410 0
411 0
412 0
413 0
414 0
415 0
416 0
417 0
418 0
419 0
420 0
421 0
422 0
423 0
424 0
425 0
426 0
427 0
428 0
429 0
430 0
431 0
432 0
433 0
434 0
435 0
436 0
437 0
438 0
439 0
440 0
441 0
442 0
443 0
444 0
445 0
446 0
447 0
448 0
449 0
450 0
451 0
452 0
453 0
454 0
455 0
456 0
457 0
458 0
459 0
460 0
461 0
462 0
463 0
464 0
465 0
466 0
467 0
468 0
469 0
470 0
471 0
472 0
473 0
474 0
475 0
476 0
477 0
478 0
479 0
480 0
481 0
482 0
483 0
484 0
485 0
486 0
487 0
488 0
489 0
490 0
491 0
492 0
493 0
494 0
495 0
496 0
497 0
498 0
499 0
500 0
501 0
502 0
503 0
504 0
505 0
506 0
507 0
508 0
509 0
510 0
511 0
512 0
513 0
514 0
515 0
516 0
517 0
518 0
519 0
520 0
521 0
522 0
523 0
524 0
525 0
526 0
527 0
528 0
529 0
530 0
531 0
532 0
533 0
534 0
535 0
536 0
537 0
538 0
539 0
540 0
541 0
542 0
543 0
544 0
545 0
546 0
547 0
548 0
549 0
550 0
551 0
552 0
553 0
554 0
555 0
556 0
557 0
558 0
559 0
560 0
561 0
562 0
563 0
564 0
565 0
566 0
567 0
568 0
569 0
570 0
571 0
572 0
573 0
574 0
575 0
576 0
577 0
578 0
579 0
580 0
581 0
582 0
583 0
584 0
585 0
586 0
587 0
588 0
589 0
590 0
591 0
592 0
593 0
594 0
595 0
596 0
597 0
598 0
599 0
600 0
601 0
602 0
603 0
604 0
605 0
606 0
607 0
608 0
609 0
610 0
611 0
612 0
613 0
614 0
615 0
616 0
617 0
618 0
619 0
620 0
621 0
622 0
623 0
624 0
625 0
626 0
627 0
628 0
629 0
630 0
631 0
632 0
633 0
634 0
635 0
636 0
637 0
638 0
639 0
640 0
641 0
642 0
643 0
644 0
645 0
646 0
647 0
648 0
649 0
650 0
651 0
652 0
653 0
654 0
655 0
656 0
657 0
658 0
659 0
660 0
661 0
662 0
663 0
664 0
665 0
666 0
667 0
668 0
669 0
670 0
671 0
672 0
673 0
674 0
675 0
676 0
677 0
678 0
679 0
680 0
681 0
682 0
683 0
684 0
685 0
686 0
687 0
688 0
689 0
690 0
691 0
692 0
693 0
694 0
695 0
696 0
697 0
698 0
699 0
700 0
701 0
702 0
703 0
704 0
705 0
706 0
707 0
708 0
709 0
710 0
711 0
712 0
713 0
714 0
715 0
716 0
717 0
718 0
719 0
720 0
721 0
722 0
723 0
724 0
725 0
726 0
727 0
728 0
729 0
730 0
731 0
732 0
733 0
734 0
735 0
736 0
737 0
738 0
739 0
740 0
741 0
742 0
743 0
744 0
745 0
746 0
747 0
748 0
749 0
750 0
751 0
752 0
753 0
754 0
755 0
756 0
757 0
758 0
759 0
760 0
761 0
762 0
763 0
764 0
765 0
766 0
767 0
768 0
769 0
770 0
771 0
772 0
773 0
774 0
775 0
776 0
777 0
778 0
779 0
780 0
781 0
782 0
783 0
784 0
785 0
786 0
787 0
788 0
789 0
790 0
791 0
792 0
793 0
794 0
795 0
796 0
797 0
798 0
799 0
800 0
801 0
802 0
803 0
804 0
805 0
806 0
807 0
808 0
809 0
810 0
811 0
812 0
813 0
814 0
815 0
816 0
817 0
818 0
819 0
820 0
821 0
822 0
823 0
824 0
825 0
826 0
827 0
828 0
829 0
830 0
831 0
832 0
833 0
834 0
835 0
836 0
837 0
838 0
839 0
840 0
841 0
842 0
843 0
844 0
845 0
846 0
847 0
848 0
849 0
850 0
851 0
852 0
853 0
854 0
855 0
856 0
857 0
858 0
859 0
860 0
861 0
862 0
863 0
864 0
865 0
866 0
867 0
868 0
869 0
870 0
871 0
872 0
873 0
874 0
875 0
876 0
877 0
878 0
879 0
880 0
881 0
882 0
883 0
884 0
885 0
886 0
887 0
888 0
889 0
890 0
891 0
892 0
893 0
894 0
895 0
896 0
897 0
898 0
899 0
900 0
901 0
902 0
903 0
904 0
905 0
906 0
907 0
908 0
909 0
910 0
911 0
912 0
913 0
914 0
915 0
916 0
917 0
918 0
919 0
920 0
921 0
922 0
923 0
924 0
925 0
926 0
927 0
928 0
929 0
930 0
931 0
932 0
933 0
934 0
935 0
936 0
937 0
938 0
939 0
940 0
941 0
942 0
943 0
944 0
945 0
946 0
947 0
948 0
949 0
950 0
951 0
952 0
953 0
954 0
955 0
956 0
957 0
958 0
959 0
960 0
961 0
962 0
963 0
964 0
965 0
966 0
967 0
968 0
969 0
970 0
971 0
972 0
973 0
974 0
975 0
976 0
977 0
978 0
979 0
980 0
981 0
982 0
983 0
984 0
985 0
986 0
987 0
988 0
989 0
990 0
991 0
992 0
993 0
994 0
995 0
996 0
997 0
998 0
999 0
1000 0
1001 0
1002 0
1003 0
1004 0
1005 0
1006 0
1007 0
1008 0
1009 0
1010 0
1011 0
1012 0
1013 0
1014 0
1015 0
1016 0
1017 0
1018 0
1019 0
1020 0
1021 0
1022 0
1023 0
1024 0
1025 0
1026 0
1027 0
1028 0
1029 0
1030 0
1031 0
1032 0
1033 0
1034 0
1035 0
1036 0
1037 0
1038 0
1039 0
1040 0
1041 0
1042 0
1043 0
1044 0
1045 0
1046 0
1047 0
1048 0
1049 0
1050 0
1051 0
1052 0
1053 0
1054 0
1055 0
1056 0
1057 0
1058 0
1059 0
1060 0
1061 0
1062 0
1063 0
1064 0
1065 0
1066 0
1067 0
1068 0
1069 0
1070 0
1071 0
1072 0
1073 0
1074 0
1075 0
1076 0
1077 0
1078 0
1079 0
1080 0
1081 0
1082 0
1083 0
1084 0
1085 0
1086 0
1087 0
1088 0
1089 0
1090 0
1091 0
1092 0
1093 0
1094 0
1095 0
1096 0
1097 0
1098 0
1099 0
1100 0
1101 0
1102 0
1103 0
1104 0
1105 0
1106 0
1107 0
1108 0
1109 0
1110 0
1111 0
1112 0
1113 0
1114 0
1115 0
1116 0
1117 0
1118 0
1119 0
1120 0
1121 0
1122 0
1123 0
1124 0
1125 0
1126 0
1127 0
1128 0
1129 0
1130 0
1131 0
1132 0
1133 0
1134 0
1135 0
1136 0
1137 0
1138 0
1139 0
1140 0
1141 0
1142 0
1143 0
1144 0
1145 0
1146 0
1147 0
1148 0
1149 0
1150 0
1151 0
1152 0
1153 0
1154 0
1155 0
1156 0
1157 0
1158 0
1159 0
1160 0
1161 0
1162 0
1163 0
1164 0
1165 0
1166 0
1167 0
1168 0
1169 0
1170 0
1171 0
1172 0
1173 0
1174 0
1175 0
1176 0
1177 0
1178 0
1179 0
1180 0
1181 0
1182 0
1183 0
1184 0
1185 0
1186 0
1187 0
1188 0
1189 0
1190 0
1191 0
1192 0
1193 0
1194 0
1195 0
1196 0
1197 0
1198 0
1199 0
1200 0
1201 0
1202 0
1203 0
1204 0
1205 0
1206 0
1207 0
1208 0
1209 0
1210 0
1211 0
1212 0
1213 0
1214 0
1215 0
1216 0
1217 0
1218 0
1219 0
1220 0
1221 0
1222 0
1223 0
1224 0
1225 0
1226 0
1227 0
1228 0
1229 0
1230 0
1231 0
1232 0
1233 0
1234 0
1235 0
1236 0
1237 0
1238 0
1239 0
1240 0
1241 0
1242 0
1243 0
1244 0
1245 0
1246 0
1247 0
1248 0
1249 0
1250 0
1251 0
1252 0
1253 0
1254 0
1255 0
1256 0
1257 0
1258 0
1259 0
1260 0
1261 0
1262 0
1263 0
1264 0
1265 0
1266 0
1267 0
1268 0
1269 0
1270 0
1271 0
1272 0
1273 0
1274 0
1275 0
1276 0
1277 0
1278 0
1279 0
1280 0
1281 0
1282 0
1283 0
1284 0
1285 0
1286 0
1287 0
1288 0
1289 0
1290 0
1291 0
1292 0
1293 0
1294 0
1295 0
1296 0
1297 0
1298 0
1299 0
1300 0
1301 0
1302 0
1303 0
1304 0
1305 0
1306 0
1307 0
1308 0
1309 0
1310 0
1311 0
1312 0
1313 0
1314 0
1315 0
1316 0
1317 0
1318 0
1319 0
1320 0
1321 0
1322 0
1323 0
1324 0
1325 0
1326 0
1327 0
1328 0
1329 0
1330 0
1331 0
1332 0
1333 0
1334 0
1335 0
1336 0
1337 0
1338 0
1339 0
1340 0
1341 0
1342 0
1343 0
1344 0
1345 0
1346 0
1347 0
1348 0
1349 0
1350 0
1351 0
1352 0
1353 0
1354 0
1355 0
1356 0
1357 0
1358 0
1359 0
1360 0
1361 0
1362 0
1363 0
1364 0
1365 0
1366 0
1367 0
1368 0
1369 0
1370 0
1371 0
1372 0
1373 0
1374 0
1375 0
1376 0
1377 0
1378 0
1379 0
1380 0
1381 0
1382 0
1383 0
1384 0
1385 0
1386 0
1387 0
1388 0
1389 0
1390 0
1391 0
1392 0
1393 0
1394 0
1395 0
1396 0
1397 0
1398 0
1399 0
1400 0
1401 0
1402 0
1403 0
1404 0
1405 0
1406 0
1407 0
1408 0
1409 0
1410 0
1411 0
1412 0
1413 0
1414 0
1415 0
1416 0
1417 0
1418 0
1419 0
1420 0
1421 0
1422 0
1423 0
1424 0
1425 0
1426 0
1427 0
1428 0
1429 0
1430 0
1431 0
1432 0
1433 0
1434 0
1435 0
1436 0
1437 0
1438 0
1439 0
1440 0
1441 0
1442 0
1443 0
1444 0
1445 0
1446 0
1447 0
1448 0
1449 0
1450 0
1451 0
1452 0
1453 0
1454 0
1455 0
1456 0
1457 0
1458 0
1459 0
1460 0
1461 0
1462 0
1463 0
1464 0
1465 0
1466 0
1467 0
1468 0
1469 0
1470 0
1471 0
1472 0
1473 0
1474 0
1475 0
1476 0
1477 0
1478 0
1479 0
1480 0
1481 0
1482 0
1483 0
1484 0
1485 0
1486 0
1487 0
1488 0
1489 0
1490 0
1491 0
1492 0
1493 0
1494 0
1495 0
1496 0
1497 0
1498 0
1499 0
1500 0
1501 0
1502 0
1503 0
1504 0
1505 0
1506 0
1507 0
1508 0
1509 0
1510 0
1511 0
1512 0
1513 0
1514 0
1515 0
1516 0
1517 0
1518 0
1519 0
1520 0
1521 0
1522 0
1523 0
1524 0
1525 0
1526 0
1527 0
1528 0
1529 0
1530 0
1531 0
1532 0
1533 0
1534 0
1535 0
1536 0
1537 0
1538 0
1539 0
1540 0
1541 0
1542 0
1543 0
1544 0
1545 0
1546 0
1547 0
1548 0
1549 0
1550 0
1551 0
1552 0
1553 0
1554 0
1555 0
1556 0
1557 0
1558 0
1559 0
1560 0
1561 0
1562 0
1563 0
1564 0
1565 0
1566 0
1567 0
1568 0
1569 0
1570 0
1571 0
1572 0
1573 0
1574 0
1575 0
1576 0
1577 0
1578 0
1579 0
1580 0
1581 0
1582 0
1583 1
1584 0
1585 0
1586 0
1587 0
1588 0
1589 0
1590 0
1591 0
1592 0
1593 1
1594 0
1595 1
1596 0
1597 0
1598 0
1599 0
1600 0
1601 0
1602 0
1603 0
1604 0
1605 1
1606 1
1607 0
1608 0
1609 0
1610 2
1611 0
1612 0
1613 0
1614 0
1615 1
1616 0
1617 0
1618 0
1619 0
1620 1
1621 0
1622 0
1623 1
1624 0
1625 0
1626 0
1627 0
1628 0
1629 0
1630 1
1631 1
1632 0
1633 0
1634 1
1635 1
1636 0
1637 2
1638 1
1639 2
1640 1
1641 0
1642 0
1643 0
1644 0
1645 0
1646 1
1647 2
1648 2
1649 1
1650 2
1651 1
1652 0
1653 0
1654 1
1655 0
1656 1
1657 0
1658 0
1659 1
1660 0
1661 0
1662 2
1663 0
1664 1
1665 1
1666 1
1667 1
1668 0
1669 2
1670 1
1671 1
1672 2
1673 2
1674 1
1675 1
1676 1
1677 0
1678 3
1679 4
1680 3
1681 1
1682 2
1683 3
1684 4
1685 2
1686 3
1687 4
1688 5
1689 2
1690 1
1691 4
1692 6
1693 4
1694 4
1695 1
1696 4
1697 0
1698 6
1699 3
1700 7
1701 4
1702 3
1703 2
1704 3
1705 2
1706 2
1707 2
1708 1
1709 1
1710 4
1711 2
1712 4
1713 12
1714 6
1715 5
1716 5
1717 1
1718 2
1719 1
1720 4
1721 4
1722 5
1723 8
1724 8
1725 9
1726 8
1727 8
1728 8
1729 7
1730 7
1731 5
1732 9
1733 9
1734 4
1735 10
1736 8
1737 7
1738 11
1739 12
1740 8
1741 7
1742 10
1743 9
1744 3
1745 9
1746 12
1747 9
1748 8
1749 8
1750 8
1751 13
1752 14
1753 3
1754 10
1755 10
1756 11
1757 12
1758 7
1759 19
1760 11
1761 14
1762 6
1763 5
1764 10
1765 5
1766 12
1767 19
1768 12
1769 14
1770 13
1771 14
1772 17
1773 12
1774 12
1775 16
1776 18
1777 13
1778 19
1779 16
1780 14
1781 21
1782 13
1783 9
1784 11
1785 15
1786 17
1787 13
1788 25
1789 24
1790 18
1791 12
1792 13
1793 22
1794 24
1795 23
1796 12
1797 16
1798 15
1799 23
1800 23
1801 24
1802 26
1803 30
1804 23
1805 25
1806 28
1807 17
1808 19
1809 31
1810 37
1811 29
1812 29
1813 31
1814 35
1815 27
1816 25
1817 18
1818 33
1819 26
1820 38
1821 29
1822 29
1823 25
1824 30
1825 24
1826 35
1827 32
1828 27
1829 32
1830 28
1831 31
1832 34
1833 31
1834 40
1835 35
1836 33
1837 45
1838 39
1839 39
1840 41
1841 47
1842 44
1843 48
1844 44
1845 33
1846 37
1847 51
1848 41
1849 46
1850 34
1851 42
1852 33
1853 47
1854 54
1855 61
1856 53
1857 66
1858 45
1859 55
1860 65
1861 45
1862 56
1863 45
1864 61
1865 57
1866 62
1867 55
1868 46
1869 64
1870 58
1871 60
1872 70
1873 65
1874 57
1875 66
1876 54
1877 55
1878 60
1879 62
1880 66
1881 70
1882 73
1883 89
1884 70
1885 69
1886 64
1887 92
1888 90
1889 73
1890 81
1891 84
1892 76
1893 76
1894 72
1895 81
1896 91
1897 88
1898 93
1899 81
1900 91
1901 82
1902 90
1903 93
1904 90
1905 116
1906 99
1907 98
1908 110
1909 88
1910 112
1911 109
1912 94
1913 99
1914 98
1915 123
1916 126
1917 121
1918 121
1919 84
1920 104
1921 109
1922 103
1923 117
1924 101
1925 103
1926 108
1927 107
1928 111
1929 114
1930 119
1931 136
1932 118
1933 135
1934 126
1935 130
1936 135
1937 140
1938 146
1939 126
1940 146
1941 146
1942 175
1943 169
1944 147
1945 158
1946 163
1947 145
1948 166
1949 156
1950 160
1951 155
1952 171
1953 165
1954 171
1955 167
1956 157
1957 163
1958 169
1959 186
1960 183
1961 197
1962 191
1963 204
1964 168
1965 210
1966 157
1967 177
1968 188
1969 187
1970 188
1971 202
1972 186
1973 213
1974 201
1975 195
1976 209
1977 208
1978 182
1979 211
1980 171
1981 200
1982 234
1983 206
1984 222
1985 232
1986 253
1987 226
1988 242
1989 235
1990 257
1991 265
1992 244
1993 261
1994 248
1995 245
1996 274
1997 249
1998 272
1999 283
2000 232
2001 272
2002 284
2003 289
2004 289
2005 268
2006 282
2007 306
2008 289
2009 294
2010 266
2011 283
2012 328
2013 290
2014 307
2015 279
2016 281
2017 320
2018 314
2019 344
2020 341
2021 355
2022 347
2023 301
2024 312
2025 319
2026 331
2027 346
2028 343
2029 346
2030 346
2031 339
2032 382
2033 358
2034 392
2035 375
2036 381
2037 382
2038 376
2039 374
2040 389
2041 375
2042 381
2043 406
2044 445
2045 409
2046 388
2047 422
2048 444
2049 415
2050 457
2051 444
2052 438
2053 449
2054 432
2055 397
2056 441
2057 479
2058 466
2059 482
2060 432
2061 436
2062 475
2063 425
2064 452
2065 507
2066 522
2067 456
2068 491
2069 478
2070 508
2071 493
2072 540
2073 513
2074 567
2075 527
2076 564
2077 493
2078 529
2079 561
2080 552
2081 549
2082 591
2083 566
2084 553
2085 585
2086 568
2087 580
2088 559
2089 606
2090 603
2091 574
2092 612
2093 591
2094 625
2095 622
2096 609
2097 697
2098 654
2099 627
2100 660
2101 681
2102 657
2103 635
2104 685
2105 689
2106 684
2107 699
2108 703
2109 714
2110 741
2111 714
2112 699
2113 745
2114 756
2115 720
2116 744
2117 736
2118 750
2119 773
2120 778
2121 746
2122 720
2123 784
2124 827
2125 753
2126 789
2127 787
2128 834
2129 843
2130 821
2131 851
2132 823
2133 846
2134 851
2135 810
2136 878
2137 876
2138 859
2139 850
2140 878
2141 919
2142 926
2143 922
2144 913
2145 918
2146 931
2147 939
2148 901
2149 904
2150 968
2151 961
2152 974
2153 1006
2154 1014
2155 1036
2156 1071
2157 1007
2158 1031
2159 1042
2160 1034
2161 982
2162 1075
2163 1077
2164 1064
2165 1077
2166 1061
2167 1127
2168 1141
2169 1181
2170 1168
2171 1116
2172 1121
2173 1186
2174 1130
2175 1162
2176 1131
2177 1162
2178 1203
2179 1146
2180 1186
2181 1217
2182 1201
2183 1216
2184 1231
2185 1208
2186 1297
2187 1204
2188 1316
2189 1255
2190 1244
2191 1275
2192 1289
2193 1289
2194 1405
2195 1365
2196 1378
2197 1323
2198 1334
2199 1356
2200 1402
2201 1278
2202 1382
2203 1413
2204 1407
2205 1377
2206 1350
2207 1423
2208 1491
2209 1466
2210 1455
2211 1487
2212 1460
2213 1499
2214 1543
2215 1561
2216 1567
2217 1567
2218 1598
2219 1552
2220 1517
2221 1577
2222 1589
2223 1568
2224 1558
2225 1642
2226 1558
2227 1573
2228 1606
2229 1634
2230 1721
2231 1659
2232 1741
2233 1754
2234 1678
2235 1702
2236 1729
2237 1712
2238 1793
2239 1759
2240 1845
2241 1870
2242 1744
2243 1800
2244 1823
2245 1855
2246 1970
2247 1957
2248 1903
2249 1905
2250 1911
2251 1910
2252 1936
2253 1978
2254 1945
2255 1870
2256 1936
2257 2038
2258 1933
2259 1995
2260 2117
2261 2063
2262 2124
2263 2125
2264 2111
2265 2163
2266 2081
2267 2131
2268 2107
2269 2191
2270 2094
2271 2143
2272 2172
2273 2099
2274 2194
2275 2235
2276 2202
2277 2265
2278 2234
2279 2315
2280 2308
2281 2331
2282 2370
2283 2307
2284 2421
2285 2485
2286 2391
2287 2468
2288 2356
2289 2490
2290 2620
2291 2532
2292 2626
2293 2560
2294 2577
2295 2551
2296 2516
2297 2647
2298 2552
2299 2658
2300 2642
2301 2684
2302 2698
2303 2787
2304 2658
2305 2654
2306 2699
2307 2747
2308 2750
2309 2792
2310 2830
2311 2811
2312 2837
2313 2934
2314 2773
2315 2865
2316 2864
2317 2921
2318 2901
2319 2861
2320 2880
2321 2907
2322 2923
2323 2856
2324 3034
2325 2905
2326 2930
2327 2968
2328 2977
2329 3156
2330 3068
2331 3164
2332 3148
2333 3141
2334 3243
2335 3228
2336 3335
2337 3234
2338 3269
2339 3363
2340 3357
2341 3256
2342 3370
2343 3394
2344 3383
2345 3487
2346 3463
2347 3464
2348 3520
2349 3494
2350 3550
2351 3375
2352 3435
2353 3593
2354 3549
2355 3607
2356 3493
2357 3672
2358 3637
2359 3678
2360 3624
2361 3699
2362 3693
2363 3681
2364 3779
2365 3863
2366 3735
2367 3767
2368 3843
2369 3881
2370 3967
2371 3807
2372 3937
2373 3949
2374 3903
2375 4067
2376 3993
2377 3894
2378 4092
2379 4008
2380 4033
2381 4036
2382 4024
2383 4015
2384 4128
2385 4187
2386 4314
2387 4160
2388 4140
2389 4223
2390 4269
2391 4321
2392 4249
2393 4247
2394 4251
2395 4468
2396 4477
2397 4501
2398 4572
2399 4598
2400 4743
2401 4405
2402 4462
2403 4466
2404 4550
2405 4573
2406 4627
2407 4554
2408 4636
2409 4646
2410 4803
2411 4752
2412 4836
2413 4887
2414 4856
2415 4904
2416 4899
2417 4974
2418 4972
2419 4998
2420 4941
2421 5057
2422 4993
2423 5141
2424 5198
2425 5161
2426 5134
2427 5092
2428 5307
2429 5273
2430 5046
2431 5189
2432 5363
2433 5333
2434 5226
2435 5191
2436 5352
2437 5421
2438 5475
2439 5598
2440 5518
2441 5554
2442 5597
2443 5568
2444 5704
2445 5645
2446 5652
2447 5703
2448 5742
2449 5837
2450 5759
2451 5815
2452 5786
2453 5980
2454 5875
2455 5968
2456 5909
2457 5939
2458 6027
2459 6008
2460 5977
2461 6023
2462 5936
2463 6291
2464 6254
2465 6136
2466 6086
2467 6260
2468 6203
2469 6257
2470 6343
2471 6359
2472 6382
2473 6637
2474 6493
2475 6492
2476 6504
2477 6577
2478 6648
2479 6533
2480 6497
2481 6590
2482 6701
2483 6750
2484 6730
2485 6781
2486 6652
2487 6870
2488 6873
2489 6855
2490 6951
2491 6787
2492 6957
2493 6986
2494 7023
2495 7060
2496 7067
2497 7065
2498 7013
2499 7174
2500 7221
2501 7171
2502 7218
2503 7415
2504 7607
2505 7309
2506 7439
2507 7439
2508 7382
2509 7490
2510 7503
2511 7467
2512 7649
2513 7739
2514 7665
2515 7594
2516 7662
2517 7912
2518 7804
2519 7707
2520 7842
2521 7828
2522 7821
2523 7925
2524 7887
2525 8079
2526 7938
2527 8202
2528 7899
2529 8168
2530 8175
2531 8284
2532 8130
2533 8179
2534 8246
2535 8345
2536 8286
2537 8239
2538 8315
2539 8310
2540 8537
2541 8472
2542 8456
2543 8497
2544 8706
2545 8827
2546 8664
2547 8632
2548 8846
2549 8642
2550 8971
2551 8878
2552 8955
2553 8776
2554 8872
2555 8984
2556 8969
2557 9168
2558 9133
2559 9025
2560 9206
2561 9329
2562 9420
2563 9364
2564 9449
2565 9280
2566 9506
2567 9669
2568 9396
2569 9525
2570 9576
2571 9647
2572 9721
2573 9665
2574 9602
2575 9819
2576 9819
2577 9886
2578 9842
2579 9899
2580 9896
2581 9866
2582 10036
2583 10052
2584 9906
2585 9943
2586 10056
2587 10157
2588 10490
2589 10050
2590 10522
2591 10462
2592 10530
2593 10506
2594 10422
2595 10373
2596 10618
2597 10649
2598 10546
2599 10737
2600 10602
2601 10832
2602 10848
2603 10995
2604 10920
2605 10755
2606 10880
2607 10887
2608 11006
2609 10895
2610 10897
2611 11225
2612 11117
2613 11210
2614 11119
2615 11220
2616 11280
2617 11408
2618 11397
2619 11498
2620 11284
2621 11717
2622 11420
2623 11666
2624 11756
2625 11831
2626 11836
2627 11825
2628 11896
2629 11906
2630 11851
2631 12012
2632 11833
2633 11965
2634 12133
2635 12040
2636 12217
2637 12331
2638 12457
2639 12382
2640 12365
2641 12401
2642 12627
2643 12461
2644 12634
2645 12593
2646 12390
2647 12711
2648 12803
2649 12701
2650 12703
2651 13018
2652 13213
2653 12973
2654 12858
2655 12996
2656 12978
2657 13019
2658 13287
2659 13369
2660 13005
2661 12902
2662 13311
2663 13349
2664 13215
2665 13486
2666 13436
2667 13631
2668 13478
2669 13566
2670 13763
2671 13594
2672 13650
2673 13826
2674 14024
2675 13950
2676 13925
2677 14019
2678 13822
2679 14002
2680 14008
2681 14331
2682 14089
2683 14212
2684 14314
2685 14327
2686 14226
2687 14251
2688 14731
2689 14653
2690 14738
2691 14652
2692 14587
2693 14513
2694 14772
2695 15020
2696 14988
2697 14922
2698 14861
2699 15007
2700 14999
2701 15007
2702 15181
2703 15072
2704 15097
2705 15305
2706 15533
2707 15073
2708 15452
2709 15262
2710 15372
2711 15522
2712 15424
2713 15621
2714 15632
2715 15842
2716 15611
2717 15736
2718 15620
2719 15984
2720 16224
2721 16027
2722 16037
2723 16022
2724 15931
2725 16035
2726 16249
2727 16457
2728 16457
2729 16349
2730 16359
2731 16518
2732 16413
2733 16372
2734 16783
2735 16738
2736 16714
2737 16761
2738 16678
2739 17066
2740 16754
2741 16886
2742 16897
2743 17028
2744 17039
2745 16801
2746 17271
2747 17131
2748 17020
2749 17143
2750 17220
2751 17442
2752 17466
2753 17492
2754 17380
2755 17716
2756 17688
2757 17661
2758 17721
2759 17934
2760 17889
2761 17644
2762 18263
2763 18107
2764 17888
2765 18089
2766 18225
2767 18248
2768 18006
2769 18034
2770 18341
2771 18402
2772 18461
2773 18810
2774 18720
2775 18935
2776 18558
2777 18620
2778 19085
2779 18748
2780 18837
2781 18967
2782 18723
2783 19025
2784 19161
2785 19192
2786 19165
2787 19156
2788 19172
2789 19236
2790 19322
2791 19477
2792 19454
2793 19610
2794 19477
2795 19556
2796 19396
2797 19671
2798 19627
2799 20095
2800 19757
2801 19664
2802 20001
2803 19986
2804 20145
2805 20113
2806 20390
2807 20207
2808 20111
2809 20474
2810 20725
2811 20592
2812 20259
2813 20375
2814 20643
2815 20472
2816 20480
2817 20546
2818 20601
2819 20757
2820 20753
2821 20911
2822 20971
2823 20975
2824 21362
2825 21420
2826 21021
2827 21553
2828 21412
2829 21507
2830 21277
2831 21240
2832 21223
2833 21570
2834 21475
2835 21751
2836 21540
2837 21710
2838 21471
2839 21865
2840 21694
2841 21836
2842 21799
2843 21705
2844 22032
2845 22283
2846 21949
2847 21963
2848 21926
2849 22326
2850 22259
2851 22515
2852 22459
2853 22312
2854 22735
2855 22624
2856 22499
2857 22626
2858 22663
2859 23067
2860 22969
2861 23191
2862 22962
2863 22870
2864 23007
2865 23373
2866 23249
2867 23189
2868 23237
2869 23127
2870 23492
2871 23468
2872 23457
2873 23446
2874 23488
2875 23574
2876 23694
2877 23723
2878 23740
2879 23555
2880 23858
2881 24040
2882 24137
2883 23757
2884 24287
2885 24315
2886 24237
2887 24193
2888 24013
2889 24108
2890 24351
2891 24209
2892 24244
2893 24707
2894 24873
2895 24438
2896 24552
2897 24679
2898 24537
2899 24956
2900 24969
2901 24878
2902 24856
2903 24878
2904 24911
2905 25390
2906 25196
2907 24959
2908 25664
2909 25233
2910 25271
2911 25439
2912 25219
2913 25704
2914 25557
2915 25475
2916 25576
2917 25348
2918 26079
2919 25824
2920 25621
2921 25924
2922 25799
2923 26084
2924 26083
2925 26300
2926 26112
2927 26085
2928 26104
2929 26411
2930 26182
2931 26081
2932 26424
2933 26304
2934 26445
2935 26243
2936 26544
2937 26636
2938 26979
2939 26870
2940 26758
2941 26593
2942 26681
2943 26940
2944 27200
2945 27067
2946 26953
2947 27022
2948 27265
2949 27410
2950 27037
2951 27018
2952 27543
2953 27162
2954 27840
2955 27668
2956 27550
2957 27433
2958 27849
2959 27816
2960 27995
2961 27550
2962 27964
2963 27925
2964 27967
2965 27596
2966 27684
2967 27760
2968 28237
2969 28233
2970 28102
2971 28418
2972 28159
2973 28223
2974 28438
2975 28196
2976 28274
2977 28351
2978 28508
2979 28627
2980 28554
2981 28750
2982 28768
2983 28625
2984 28706
2985 28949
2986 28705
2987 29083
2988 29132
2989 29168
2990 29077
2991 29021
2992 28926
2993 29326
2994 29079
2995 29431
2996 29326
2997 29371
2998 29301
2999 29406
3000 29873
3001 29550
3002 29372
3003 29403
3004 29913
3005 29747
3006 29651
3007 29488
3008 29661
3009 29680
3010 30179
3011 30059
3012 29911
3013 29835
3014 30231
3015 30177
3016 30064
3017 30261
3018 29947
3019 30443
3020 30321
3021 30554
3022 30527
3023 30240
3024 30645
3025 30535
3026 30590
3027 30922
3028 30712
3029 30741
3030 30759
3031 30855
3032 30781
3033 31113
3034 30812
3035 31370
3036 31203
3037 31077
3038 31271
3039 31395
3040 31509
3041 31372
3042 31316
3043 31082
3044 31138
3045 31477
3046 31662
3047 31488
3048 31366
3049 31274
3050 32039
3051 31629
3052 31993
3053 31498
3054 31216
3055 32090
3056 32047
3057 31897
3058 31715
3059 31700
3060 32207
3061 32449
3062 32379
3063 31969
3064 32238
3065 32169
3066 31998
3067 32266
3068 32098
3069 32118
3070 32172
3071 32519
3072 32644
3073 32354
3074 32282
3075 32385
3076 32473
3077 32768
3078 32209
3079 32522
3080 32834
3081 32700
3082 32782
3083 32924
3084 32864
3085 33080
3086 33043
3087 33130
3088 33378
3089 32801
3090 33167
3091 33220
3092 33348
3093 33271
3094 33477
3095 33002
3096 33120
3097 33112
3098 33411
3099 33282
3100 33134
3101 33629
3102 33826
3103 33377
3104 33561
3105 33408
3106 33703
3107 33678
3108 34248
3109 33821
3110 33596
3111 33773
3112 34264
3113 33802
3114 33814
3115 34158
3116 33811
3117 34124
3118 34217
3119 34227
3120 33923
3121 33705
3122 34063
3123 33552
3124 33516
3125 34163
3126 34291
3127 34093
3128 34078
3129 34309
3130 34498
3131 34681
3132 34322
3133 34177
3134 34772
3135 34142
3136 34560
3137 34631
3138 34808
3139 34578
3140 34816
3141 34388
3142 34959
3143 35004
3144 34690
3145 34691
3146 34905
3147 35115
3148 35011
3149 35367
3150 34922
3151 34545
3152 34967
3153 35121
3154 35438
3155 35094
3156 34778
3157 35021
3158 35027
3159 35186
3160 35143
3161 35004
3162 35715
3163 35755
3164 35346
3165 35109
3166 35292
3167 35176
3168 35355
3169 35334
3170 35205
3171 35480
3172 35496
3173 35398
3174 35591
3175 35464
3176 35335
3177 35658
3178 35263
3179 35375
3180 35626
3181 35765
3182 35751
3183 35645
3184 35441
3185 35742
3186 35780
3187 36009
3188 35858
3189 36041
3190 36048
3191 35891
3192 35864
3193 36002
3194 35831
3195 36074
3196 36125
3197 36009
3198 35959
3199 35855
3200 36155
3201 36560
3202 35924
3203 36249
3204 36084
3205 35888
3206 35769
3207 36042
3208 35771
3209 35904
3210 36543
3211 36170
3212 36311
3213 36378
3214 36101
3215 36879
3216 36395
3217 36333
3218 36282
3219 36126
3220 36417
3221 36644
3222 36265
3223 36430
3224 36313
3225 36402
3226 36648
3227 36665
3228 36579
3229 36674
3230 36259
3231 36561
3232 36680
3233 36487
3234 36593
3235 36415
3236 36542
3237 36367
3238 36569
3239 36479
3240 36371
3241 36916
3242 36663
3243 36695
3244 36998
3245 36695
3246 36728
3247 36884
3248 36900
3249 36641
3250 36726
3251 36582
3252 37025
3253 37000
3254 36898
3255 36884
3256 37173
3257 37307
3258 37136
3259 37218
3260 36817
3261 36825
3262 36958
3263 37089
3264 36993
3265 37487
3266 36848
3267 36742
3268 36747
3269 36896
3270 37336
3271 36960
3272 37192
3273 36918
3274 36951
3275 36642
3276 37128
3277 37236
3278 37187
3279 37329
3280 37465
3281 36933
3282 36751
3283 36881
3284 37274
3285 37146
3286 37091
3287 36967
3288 37004
3289 37313
3290 37416
3291 37142
3292 37204
3293 36817
3294 36798
3295 36934
3296 37011
3297 37048
3298 37112
3299 37042
3300 36776
3301 36971
3302 37203
3303 37262
3304 37636
3305 37184
3306 37084
3307 36978
3308 37191
3309 37270
3310 37240
3311 37324
3312 37058
3313 37404
3314 36692
3315 37270
3316 37207
3317 37282
3318 37241
3319 37240
3320 36985
3321 37202
3322 36813
3323 36849
3324 37069
3325 37071
3326 36776
3327 36774
3328 37282
3329 36897
3330 37051
3331 37063
3332 36905
3333 36629
3334 36787
3335 36850
3336 36899
3337 37388
3338 37047
3339 36898
3340 37016
3341 36815
3342 36593
3343 37025
3344 36668
3345 37075
3346 36664
3347 36824
3348 36876
3349 36996
3350 36873
3351 36720
3352 36694
3353 36472
3354 36787
3355 36748
3356 36806
3357 36861
3358 36933
3359 36610
3360 36722
3361 36896
3362 37166
3363 36424
3364 36575
3365 36884
3366 36743
3367 36734
3368 36547
3369 36426
3370 36690
3371 36845
3372 36805
3373 36732
3374 36170
3375 36261
3376 36362
3377 36270
3378 36064
3379 36736
3380 36518
3381 36768
3382 36065
3383 36714
3384 36255
3385 36274
3386 36750
3387 36142
3388 36148
3389 36631
3390 36391
3391 36317
3392 36118
3393 36009
3394 35788
3395 36379
3396 36320
3397 36650
3398 36009
3399 36493
3400 36092
3401 36123
3402 35916
3403 36313
3404 36073
3405 35860
3406 35884
3407 36002
3408 35868
3409 35982
3410 36101
3411 35906
3412 36369
3413 35959
3414 35785
3415 35556
3416 35797
3417 35891
3418 35836
3419 35741
3420 35596
3421 35742
3422 35617
3423 35745
3424 35628
3425 35448
3426 35576
3427 35622
3428 35831
3429 35612
3430 35538
3431 35490
3432 35495
3433 35410
3434 35521
3435 35400
3436 35405
3437 35739
3438 35287
3439 35331
3440 35241
3441 35269
3442 35402
3443 35111
3444 35450
3445 35064
3446 35056
3447 35340
3448 34892
3449 35017
3450 35274
3451 34568
3452 34795
3453 34991
3454 34920
3455 34597
3456 34779
3457 34778
3458 35015
3459 35211
3460 34820
3461 34593
3462 34518
3463 34665
3464 35137
3465 35095
3466 34002
3467 34193
3468 34449
3469 34491
3470 34663
3471 34423
3472 34218
3473 33903
3474 34480
3475 34065
3476 34187
3477 33905
3478 34166
3479 34053
3480 34023
3481 33687
3482 34146
3483 33576
3484 34081
3485 33775
3486 33970
3487 34003
3488 34212
3489 33892
3490 33992
3491 33923
3492 33536
3493 33653
3494 33560
3495 33750
3496 33587
3497 33456
3498 33566
3499 33720
3500 33846
3501 33357
3502 32952
3503 33115
3504 33284
3505 33194
3506 33338
3507 32413
3508 32554
3509 32889
3510 33097
3511 33032
3512 33013
3513 32848
3514 33141
3515 33107
3516 32762
3517 32515
3518 32381
3519 32645
3520 32753
3521 32552
3522 32584
3523 32472
3524 32283
3525 32650
3526 32483
3527 32377
3528 31988
3529 32127
3530 31901
3531 32317
3532 32032
3533 32245
3534 32268
3535 32200
3536 32117
3537 32018
3538 32044
3539 32073
3540 32138
3541 31794
3542 31427
3543 31626
3544 31729
3545 31864
3546 31900
3547 31476
3548 31262
3549 31370
3550 31265
3551 31911
3552 31636
3553 31028
3554 31278
3555 30882
3556 31294
3557 31173
3558 30797
3559 30859
3560 30959
3561 30753
3562 30898
3563 31111
3564 30839
3565 30891
3566 30977
3567 31327
3568 30637
3569 30622
3570 30618
3571 30565
3572 30500
3573 30790
3574 30490
3575 30741
3576 30226
3577 30362
3578 30178
3579 30039
3580 30302
3581 30450
3582 29893
3583 29729
3584 29997
3585 29711
3586 29819
3587 29381
3588 29699
3589 29643
3590 29949
3591 29877
3592 29939
3593 29596
3594 29252
3595 29408
3596 29634
3597 29674
3598 29410
3599 29699
3600 29205
3601 29379
3602 29391
3603 29301
3604 29315
3605 28794
3606 29122
3607 28927
3608 29291
3609 29176
3610 28736
3611 28526
3612 28727
3613 28881
3614 28367
3615 28575
3616 28610
3617 28730
3618 28278
3619 28520
3620 28406
3621 28149
3622 28272
3623 28496
3624 28109
3625 28031
3626 27911
3627 27995
3628 28127
3629 28350
3630 27957
3631 27558
3632 27740
3633 27688
3634 27642
3635 27485
3636 27292
3637 27603
3638 27775
3639 27436
3640 27554
3641 27189
3642 27457
3643 27281
3644 27491
3645 27035
3646 27242
3647 26966
3648 26800
3649 27103
3650 26970
3651 26393
3652 26644
3653 27019
3654 26847
3655 26514
3656 26503
3657 26543
3658 26388
3659 26518
3660 26372
3661 26145
3662 26178
3663 26337
3664 26163
3665 26124
3666 25851
3667 26233
3668 26246
3669 25717
3670 26149
3671 25984
3672 25872
3673 25807
3674 25619
3675 25257
3676 25591
3677 25517
3678 25815
3679 24983
3680 25420
3681 24996
3682 25299
3683 25455
3684 25159
3685 25029
3686 24959
3687 24758
3688 25131
3689 24938
3690 24500
3691 24768
3692 24831
3693 24497
3694 24781
3695 24784
3696 24378
3697 24310
3698 24412
3699 24690
3700 24715
3701 24324
3702 24234
3703 23914
3704 23559
3705 23646
3706 24055
3707 24233
3708 24047
3709 23756
3710 23620
3711 23298
3712 23688
3713 23473
3714 23244
3715 23443
3716 23279
3717 22948
3718 23419
3719 22996
3720 23200
3721 23222
3722 23130
3723 23201
3724 22911
3725 23045
3726 22757
3727 22828
3728 22841
3729 22918
3730 22651
3731 22542
3732 22512
3733 22432
3734 22358
3735 22223
3736 22396
3737 22253
3738 22415
3739 22431
3740 22201
3741 22154
3742 22349
3743 22120
3744 21811
3745 21546
3746 21563
3747 21825
3748 21603
3749 21732
3750 21629
3751 21477
3752 21592
3753 21487
3754 21389
3755 21203
3756 20940
3757 21139
3758 20786
3759 20979
3760 20929
3761 20868
3762 20944
3763 20843
3764 21192
3765 20737
3766 20898
3767 20573
3768 20677
3769 20530
3770 20435
3771 20403
3772 20445
3773 20303
3774 20225
3775 19979
3776 20278
3777 19895
3778 20072
3779 19906
3780 19836
3781 20141
3782 20260
3783 20053
3784 19870
3785 19572
3786 19511
3787 19634
3788 19588
3789 19411
3790 19400
3791 19313
3792 19379
3793 19508
3794 19294
3795 19351
3796 19060
3797 19189
3798 18924
3799 18985
3800 18849
3801 18559
3802 18416
3803 18487
3804 18674
3805 18769
3806 18372
3807 18457
3808 18553
3809 18611
3810 18300
3811 18374
3812 18162
3813 18040
3814 18110
3815 18251
3816 18063
3817 18040
3818 18012
3819 17879
3820 17532
3821 17770
3822 17927
3823 17767
3824 17650
3825 17517
3826 17471
3827 17040
3828 17213
3829 17545
3830 17348
3831 17260
3832 17126
3833 16992
3834 17143
3835 17143
3836 17161
3837 16731
3838 16767
3839 16887
3840 17190
3841 16928
3842 17004
3843 16839
3844 16525
3845 16508
3846 16462
3847 16326
3848 16397
3849 16014
3850 16477
3851 16005
3852 16097
3853 15536
3854 15859
3855 16161
3856 15982
3857 15621
3858 15618
3859 15578
3860 15672
3861 15616
3862 15614
3863 15578
3864 15512
3865 15359
3866 15445
3867 15443
3868 15207
3869 15302
3870 15099
3871 15229
3872 15331
3873 15062
3874 15318
3875 14724
3876 15092
3877 14958
3878 14639
3879 14682
3880 14857
3881 14616
3882 14522
3883 14598
3884 14571
3885 14383
3886 14631
3887 14466
3888 14175
3889 14110
3890 14285
3891 14350
3892 14220
3893 14204
3894 13894
3895 14153
3896 14102
3897 14100
3898 13894
3899 13713
3900 13797
3901 13691
3902 13796
3903 13770
3904 13703
3905 13444
3906 13266
3907 13361
3908 13773
3909 13386
3910 13191
3911 12873
3912 13069
3913 13101
3914 13101
3915 13166
3916 13008
3917 13007
3918 12802
3919 12709
3920 12677
3921 12875
3922 12720
3923 12889
3924 12665
3925 12669
3926 12458
3927 12390
3928 12486
3929 12542
3930 12208
3931 12399
3932 12182
3933 12148
3934 12076
3935 12020
3936 12135
3937 12298
3938 12033
3939 11810
3940 11831
3941 11954
3942 11776
3943 11865
3944 11705
3945 11854
3946 11511
3947 11697
3948 11882
3949 11500
3950 11335
3951 11428
3952 11221
3953 11267
3954 11248
3955 11298
3956 11233
3957 11062
3958 11000
3959 11113
3960 10910
3961 10843
3962 10927
3963 10782
3964 10842
3965 10682
3966 10820
3967 10524
3968 10692
3969 10836
3970 10549
3971 10517
3972 10402
3973 10677
3974 10307
3975 10370
3976 10150
3977 10326
3978 10119
3979 10081
3980 10269
3981 10054
3982 10035
3983 10012
3984 10083
3985 9987
3986 9909
3987 9710
3988 9561
3989 9679
3990 9882
3991 9498
3992 9302
3993 9486
3994 9605
3995 9625
3996 9824
3997 9516
3998 9346
3999 9343
4000 9345
4001 9378
4002 9297
4003 9161
4004 9284
4005 9212
4006 9065
4007 8967
4008 8866
4009 8752
4010 8905
4011 8957
4012 8794
4013 8753
4014 8798
4015 8497
4016 8673
4017 8624
4018 8706
4019 8525
4020 8485
4021 8524
4022 8399
4023 8667
4024 8533
4025 8442
4026 8397
4027 8443
4028 8169
4029 8193
4030 8101
4031 8115
4032 8122
4033 7990
4034 8060
4035 8080
4036 7940
4037 7866
4038 7888
4039 7983
4040 7784
4041 7607
4042 7610
4043 7575
4044 7521
4045 7752
4046 7689
4047 7551
4048 7655
4049 7500
4050 7413
4051 7409
4052 7421
4053 7319
4054 7334
4055 7210
4056 7279
4057 7195
4058 7015
4059 7046
4060 6948
4061 6944
4062 6986
4063 6848
4064 6909
4065 6795
4066 6794
4067 6908
4068 6717
4069 6764
4070 6836
4071 6662
4072 6685
4073 6435
4074 6614
4075 6566
4076 6649
4077 6537
4078 6729
4079 6425
4080 6320
4081 6299
4082 6226
4083 6261
4084 6198
4085 6190
4086 6264
4087 6225
4088 6087
4089 6092
4090 5891
4091 6035
4092 6080
4093 5860
4094 5793
4095 5889
4096 5864
4097 5875
4098 5851
4099 5665
4100 5649
4101 5698
4102 5752
4103 5787
4104 5607
4105 5755
4106 5665
4107 5618
4108 5442
4109 5587
4110 5412
4111 5415
4112 5217
4113 5333
4114 5307
4115 5199
4116 5214
4117 5194
4118 5074
4119 5082
4120 5113
4121 5136
4122 5067
4123 5038
4124 4848
4125 4815
4126 4809
4127 4934
4128 4824
4129 4861
4130 4909
4131 4750
4132 4657
4133 4854
4134 4761
4135 4690
4136 4693
4137 4683
4138 4592
4139 4600
4140 4528
4141 4443
4142 4334
4143 4371
4144 4390
4145 4463
4146 4387
4147 4373
4148 4242
4149 4320
4150 4264
4151 4265
4152 4213
4153 4194
4154 4097
4155 4110
4156 4216
4157 4162
4158 4152
4159 4204
4160 3963
4161 4062
4162 4126
4163 3995
4164 3848
4165 3982
4166 3821
4167 3720
4168 3711
4169 3753
4170 3802
4171 3746
4172 3675
4173 3715
4174 3696
4175 3593
4176 3638
4177 3596
4178 3666
4179 3513
4180 3461
4181 3484
4182 3406
4183 3417
4184 3418
4185 3430
4186 3483
4187 3402
4188 3537
4189 3475
4190 3410
4191 3270
4192 3173
4193 3201
4194 3122
4195 3067
4196 3163
4197 3078
4198 3036
4199 3053
4200 3082
4201 3034
4202 3136
4203 3022
4204 3091
4205 2994
4206 2964
4207 2951
4208 2934
4209 2890
4210 2813
4211 3002
4212 2881
4213 2850
4214 2819
4215 2771
4216 2726
4217 2701
4218 2742
4219 2775
4220 2540
4221 2565
4222 2633
4223 2549
4224 2533
4225 2457
4226 2630
4227 2586
4228 2445
4229 2476
4230 2558
4231 2590
4232 2562
4233 2520
4234 2378
4235 2422
4236 2367
4237 2444
4238 2439
4239 2407
4240 2345
4241 2256
4242 2242
4243 2269
4244 2213
4245 2185
4246 2147
4247 2173
4248 2153
4249 2161
4250 2074
4251 2035
4252 2047
4253 2022
4254 2025
4255 2047
4256 1972
4257 2014
4258 2033
4259 2045
4260 2019
4261 1913
4262 2032
4263 1971
4264 1910
4265 1911
4266 1855
4267 1966
4268 1823
4269 1777
4270 1734
4271 1777
4272 1724
4273 1781
4274 1660
4275 1697
4276 1670
4277 1680
4278 1690
4279 1662
4280 1644
4281 1639
4282 1687
4283 1662
4284 1576
4285 1589
4286 1596
4287 1587
4288 1653
4289 1548
4290 1538
4291 1530
4292 1508
4293 1485
4294 1524
4295 1505
4296 1352
4297 1372
4298 1394
4299 1349
4300 1389
4301 1409
4302 1332
4303 1375
4304 1413
4305 1384
4306 1330
4307 1269
4308 1265
4309 1289
4310 1337
4311 1288
4312 1325
4313 1246
4314 1307
4315 1261
4316 1224
4317 1188
4318 1183
4319 1216
4320 1206
4321 1134
4322 1165
4323 1155
4324 1157
4325 1101
4326 1041
4327 1077
4328 1073
4329 1111
4330 1090
4331 1072
4332 1098
4333 1050
4334 1025
4335 971
4336 1072
4337 1006
4338 1046
4339 952
4340 1030
4341 977
4342 956
4343 916
4344 1005
4345 922
4346 927
4347 822
4348 852
4349 901
4350 792
4351 866
4352 865
4353 812
4354 752
4355 876
4356 829
4357 839
4358 791
4359 823
4360 788
4361 754
4362 857
4363 772
4364 773
4365 745
4366 794
4367 755
4368 778
4369 766
4370 696
4371 737
4372 671
4373 704
4374 685
4375 643
4376 615
4377 670
4378 623
4379 634
4380 644
4381 629
4382 598
4383 583
4384 636
4385 575
4386 596
4387 594
4388 602
4389 567
4390 611
4391 611
4392 595
4393 580
4394 558
4395 519
4396 519
4397 549
4398 566
4399 532
4400 523
4401 461
4402 483
4403 483
4404 478
4405 474
4406 499
4407 478
4408 457
4409 437
4410 399
4411 438
4412 428
4413 457
4414 418
4415 426
4416 431
4417 411
4418 435
4419 439
4420 438
4421 421
4422 434
4423 381
4424 348
4425 380
4426 373
4427 373
4428 357
4429 377
4430 346
4431 365
4432 326
4433 362
4434 318
4435 344
4436 309
4437 332
4438 343
4439 328
4440 307
4441 334
4442 302
4443 276
4444 296
4445 314
4446 306
4447 277
4448 272
4449 257
4450 269
4451 241
4452 268
4453 270
4454 270
4455 281
4456 238
4457 247
4458 254
4459 229
4460 255
4461 242
4462 230
4463 224
4464 259
4465 245
4466 226
4467 225
4468 236
4469 239
4470 228
4471 218
4472 196
4473 184
4474 172
4475 177
4476 187
4477 184
4478 192
4479 166
4480 175
4481 161
4482 183
4483 164
4484 173
4485 169
4486 163
4487 171
4488 165
4489 162
4490 178
4491 136
4492 141
4493 153
4494 166
4495 145
4496 164
4497 148
4498 144
4499 147
4500 148
4501 129
4502 123
4503 125
4504 125
4505 115
4506 126
4507 96
4508 108
4509 87
4510 117
4511 103
4512 119
4513 120
4514 108
4515 98
4516 117
4517 115
4518 117
4519 124
4520 104
4521 107
4522 103
4523 79
4524 90
4525 109
4526 100
4527 87
4528 111
4529 82
4530 91
4531 85
4532 89
4533 67
4534 87
4535 82
4536 70
4537 63
4538 55
4539 63
4540 51
4541 74
4542 61
4543 70
4544 60
4545 65
4546 75
4547 67
4548 70
4549 57
4550 61
4551 59
4552 60
4553 57
4554 58
4555 65
4556 54
4557 41
4558 37
4559 49
4560 53
4561 57
4562 41
4563 50
4564 43
4565 34
4566 44
4567 42
4568 38
4569 34
4570 33
4571 46
4572 37
4573 36
4574 52
4575 45
4576 29
4577 52
4578 42
4579 33
4580 47
4581 42
4582 35
4583 30
4584 32
4585 33
4586 31
4587 30
4588 32
4589 27
4590 28
4591 21
4592 33
4593 34
4594 24
4595 25
4596 14
4597 14
4598 35
4599 22
4600 11
4601 16
4602 22
4603 15
4604 29
4605 29
4606 29
4607 23
4608 20
4609 31
4610 20
4611 18
4612 22
4613 16
4614 20
4615 10
4616 10
4617 7
4618 17
4619 11
4620 17
4621 11
4622 7
4623 9
4624 14
4625 10
4626 10
4627 10
4628 9
4629 10
4630 12
4631 7
4632 8
4633 11
4634 7
4635 4
4636 12
4637 16
4638 17
4639 8
4640 7
4641 12
4642 11
4643 8
4644 11
4645 3
4646 6
4647 4
4648 9
4649 3
4650 6
4651 7
4652 2
4653 3
4654 14
4655 7
4656 3
4657 8
4658 6
4659 5
4660 7
4661 9
4662 11
4663 6
4664 3
4665 5
4666 4
4667 7
4668 9
4669 6
4670 5
4671 7
4672 4
4673 2
4674 5
4675 4
4676 4
4677 3
4678 3
4679 2
4680 2
4681 2
4682 3
4683 1
4684 2
4685 4
4686 2
4687 2
4688 5
4689 3
4690 5
4691 0
4692 10
4693 4
4694 3
4695 4
4696 3
4697 0
4698 1
4699 4
4700 1
4701 1
4702 3
4703 2
4704 1
4705 1
4706 0
4707 2
4708 1
4709 1
4710 1
4711 0
4712 0
4713 0
4714 2
4715 2
4716 1
4717 0
4718 1
4719 2
4720 2
4721 3
4722 0
4723 0
4724 0
4725 2
4726 3
4727 0
4728 2
4729 0
4730 1
4731 2
4732 1
4733 0
4734 1
4735 0
4736 0
4737 0
4738 0
4739 0
4740 0
4741 0
4742 0
4743 0
4744 0
4745 0
4746 1
4747 0
4748 1
4749 1
4750 0
4751 0
4752 1
4753 0
4754 0
4755 1
4756 1
4757 0
4758 0
4759 0
4760 0
4761 0
4762 0
4763 0
4764 0
4765 1
4766 0
4767 0
4768 1
4769 0
4770 0
4771 0
4772 0
4773 0
4774 0
4775 0
4776 1
4777 0
4778 0
4779 2
4780 0
4781 0
4782 1
4783 0
4784 0
4785 0
4786 0
4787 0
4788 0
4789 0
4790 0
4791 0
4792 0
4793 0
4794 0
4795 0
4796 0
4797 1
4798 0
4799 0
4800 0
4801 0
4802 0
4803 0
4804 1
4805 0
4806 0
4807 0
4808 0
4809 0
4810 0
4811 0
4812 0
4813 0
4814 0
4815 0
4816 0
4817 0
4818 0
4819 0
4820 0
4821 0
4822 0
4823 0
4824 0
4825 0
4826 0
4827 0
4828 0
4829 0
4830 0
4831 0
4832 0
4833 0
4834 0
4835 0
4836 0
4837 0
4838 0
4839 0
4840 0
4841 0
4842 0
4843 0
4844 0
4845 0
4846 0
4847 0
4848 0
4849 0
4850 0
4851 0
4852 0
4853 0
4854 0
4855 0
4856 0
4857 0
4858 0
4859 0
4860 0
4861 0
4862 0
4863 0
4864 0
4865 0
4866 0
4867 0
4868 0
4869 0
4870 0
4871 0
4872 0
4873 0
4874 0
4875 0
4876 0
4877 0
4878 0
4879 0
4880 0
4881 0
4882 0
4883 0
4884 0
4885 0
4886 0
4887 0
4888 0
4889 0
4890 0
4891 0
4892 0
4893 0
4894 0
4895 0
4896 0
4897 0
4898 0
4899 0
4900 0
4901 0
4902 0
4903 0
4904 0
4905 0
4906 0
4907 0
4908 0
4909 0
4910 0
4911 0
4912 0
4913 0
4914 0
4915 0
4916 0
4917 0
4918 0
4919 0
4920 0
4921 0
4922 0
4923 0
4924 0
4925 0
4926 0
4927 0
4928 0
4929 0
4930 0
4931 0
4932 0
4933 0
4934 0
4935 0
4936 0
4937 0
4938 0
4939 0
4940 0
4941 0
4942 0
4943 0
4944 0
4945 0
4946 0
4947 0
4948 0
4949 0
4950 0
4951 0
4952 0
4953 0
4954 0
4955 0
4956 0
4957 0
4958 0
4959 0
4960 0
4961 0
4962 0
4963 0
4964 0
4965 0
4966 0
4967 0
4968 0
4969 0
4970 0
4971 0
4972 0
4973 0
4974 0
4975 0
4976 0
4977 0
4978 0
4979 0
4980 0
4981 0
4982 0
4983 0
4984 0
4985 0
4986 0
4987 0
4988 0
4989 0
4990 0
4991 0
4992 0
4993 0
4994 0
4995 0
4996 0
4997 0
4998 0
4999 0
5000 0
5001 0
5002 0
5003 0
5004 0
5005 0
5006 0
5007 0
5008 0
5009 0
5010 0
5011 0
5012 0
5013 0
5014 0
5015 0
5016 0
5017 0
5018 0
5019 0
5020 0
5021 0
5022 0
5023 0
5024 0
5025 0
5026 0
5027 0
5028 0
5029 0
5030 0
5031 0
5032 0
5033 0
5034 0
5035 0
5036 0
5037 0
5038 0
5039 0
5040 0
5041 0
5042 0
5043 0
5044 0
5045 0
5046 0
5047 0
5048 0
5049 0
5050 0
5051 0
5052 0
5053 0
5054 0
5055 0
5056 0
5057 0
5058 0
5059 0
5060 0
5061 0
5062 0
5063 0
5064 0
5065 0
5066 0
5067 0
5068 0
5069 0
5070 0
5071 0
5072 0
5073 0
5074 0
5075 0
5076 0
5077 0
5078 0
5079 0
5080 0
5081 0
5082 0
5083 0
5084 0
5085 0
5086 0
5087 0
5088 0
5089 0
5090 0
5091 0
5092 0
5093 0
5094 0
5095 0
5096 0
5097 0
5098 0
5099 0
5100 0
5101 0
5102 0
5103 0
5104 0
5105 0
5106 0
5107 0
5108 0
5109 0
5110 0
5111 0
5112 0
5113 0
5114 0
5115 0
5116 0
5117 0
5118 0
5119 0
5120 0
5121 0
5122 0
5123 0
5124 0
5125 0
5126 0
5127 0
5128 0
5129 0
5130 0
5131 0
5132 0
5133 0
5134 0
5135 0
5136 0
5137 0
5138 0
5139 0
5140 0
5141 0
5142 0
5143 0
5144 0
5145 0
5146 0
5147 0
5148 0
5149 0
5150 0
5151 0
5152 0
5153 0
5154 0
5155 0
5156 0
5157 0
5158 0
5159 0
5160 0
5161 0
5162 0
5163 0
5164 0
5165 0
5166 0
5167 0
5168 0
5169 0
5170 0
5171 0
5172 0
5173 0
5174 0
5175 0
5176 0
5177 0
5178 0
5179 0
5180 0
5181 0
5182 0
5183 0
5184 0
5185 0
5186 0
5187 0
5188 0
5189 0
5190 0
5191 0
5192 0
5193 0
5194 0
5195 0
5196 0
5197 0
5198 0
5199 0
5200 0
5201 0
5202 0
5203 0
5204 0
5205 0
5206 0
5207 0
5208 0
5209 0
5210 0
5211 0
5212 0
5213 0
5214 0
5215 0
5216 0
5217 0
5218 0
5219 0
5220 0
5221 0
5222 0
5223 0
5224 0
5225 0
5226 0
5227 0
5228 0
5229 0
5230 0
5231 0
5232 0
5233 0
5234 0
5235 0
5236 0
5237 0
5238 0
5239 0
5240 0
5241 0
5242 0
5243 0
5244 0
5245 0
5246 0
5247 0
5248 0
5249 0
5250 0
5251 0
5252 0
5253 0
5254 0
5255 0
5256 0
5257 0
5258 0
5259 0
5260 0
5261 0
5262 0
5263 0
5264 0
5265 0
5266 0
5267 0
5268 0
5269 0
5270 0
5271 0
5272 0
5273 0
5274 0
5275 0
5276 0
5277 0
5278 0
5279 0
5280 0
5281 0
5282 0
5283 0
5284 0
5285 0
5286 0
5287 0
5288 0
5289 0
5290 0
5291 0
5292 0
5293 0
5294 0
5295 0
5296 0
5297 0
5298 0
5299 0
5300 0
5301 0
5302 0
5303 0
5304 0
5305 0
5306 0
5307 0
5308 0
5309 0
5310 0
5311 0
5312 0
5313 0
5314 0
5315 0
5316 0
5317 0
5318 0
5319 0
5320 0
5321 0
5322 0
5323 0
5324 0
5325 0
5326 0
5327 0
5328 0
5329 0
5330 0
5331 0
5332 0
5333 0
5334 0
5335 0
5336 0
5337 0
5338 0
5339 0
5340 0
5341 0
5342 0
5343 0
5344 0
5345 0
5346 0
5347 0
5348 0
5349 0
5350 0
5351 0
5352 0
5353 0
5354 0
5355 0
5356 0
5357 0
5358 0
5359 0
5360 0
5361 0
5362 0
5363 0
5364 0
5365 0
5366 0
5367 0
5368 0
5369 0
5370 0
5371 0
5372 0
5373 0
5374 0
5375 0
5376 0
5377 0
5378 0
5379 0
5380 0
5381 0
5382 0
5383 0
5384 0
5385 0
5386 0
5387 0
5388 0
5389 0
5390 0
5391 0
5392 0
5393 0
5394 0
5395 0
5396 0
5397 0
5398 0
5399 0
5400 0
5401 0
5402 0
5403 0
5404 0
5405 0
5406 0
5407 0
5408 0
5409 0
5410 0
5411 0
5412 0
5413 0
5414 0
5415 0
5416 0
5417 0
5418 0
5419 0
5420 0
5421 0
5422 0
5423 0
5424 0
5425 0
5426 0
5427 0
5428 0
5429 0
5430 0
5431 0
5432 0
5433 0
5434 0
5435 0
5436 0
5437 0
5438 0
5439 0
5440 0
5441 0
5442 0
5443 0
5444 0
5445 0
5446 0
5447 0
5448 0
5449 0
5450 0
5451 0
5452 0
5453 0
5454 0
5455 0
5456 0
5457 0
5458 0
5459 0
5460 0
5461 0
5462 0
5463 0
5464 0
5465 0
5466 0
5467 0
5468 0
5469 0
5470 0
5471 0
5472 0
5473 0
5474 0
5475 0
5476 0
5477 0
5478 0
5479 0
5480 0
5481 0
5482 0
5483 0
5484 0
5485 0
5486 0
5487 0
5488 0
5489 0
5490 0
5491 0
5492 0
5493 0
5494 0
5495 0
5496 0
5497 0
5498 0
5499 0
5500 0
5501 0
5502 0
5503 0
5504 0
5505 0
5506 0
5507 0
5508 0
5509 0
5510 0
5511 0
5512 0
5513 0
5514 0
5515 0
5516 0
5517 0
5518 0
5519 0
5520 0
5521 0
5522 0
5523 0
5524 0
5525 0
5526 0
5527 0
5528 0
5529 0
5530 0
5531 0
5532 0
5533 0
5534 0
5535 0
5536 0
5537 0
5538 0
5539 0
5540 0
5541 0
5542 0
5543 0
5544 0
5545 0
5546 0
5547 0
5548 0
5549 0
5550 0
5551 0
5552 0
5553 0
5554 0
5555 0
5556 0
5557 0
5558 0
5559 0
5560 0
5561 0
5562 0
5563 0
5564 0
5565 0
5566 0
5567 0
5568 0
5569 0
5570 0
5571 0
5572 0
5573 0
5574 0
5575 0
5576 0
5577 0
5578 0
5579 0
5580 0
5581 0
5582 0
5583 0
5584 0
5585 0
5586 0
5587 0
5588 0
5589 0
5590 0
5591 0
5592 0
5593 0
5594 0
5595 0
5596 0
5597 0
5598 0
5599 0
5600 0
5601 0
5602 0
5603 0
5604 0
5605 0
5606 0
5607 0
5608 0
5609 0
5610 0
5611 0
5612 0
5613 0
5614 0
5615 0
5616 0
5617 0
5618 0
5619 0
5620 0
5621 0
5622 0
5623 0
5624 0
5625 0
5626 0
5627 0
5628 0
5629 0
5630 0
5631 0
5632 0
5633 0
5634 0
5635 0
5636 0
5637 0
5638 0
5639 0
5640 0
5641 0
5642 0
5643 0
5644 0
5645 0
5646 0
5647 0
5648 0
5649 0
5650 0
5651 0
5652 0
5653 0
5654 0
5655 0
5656 0
5657 0
5658 0
5659 0
5660 0
5661 0
5662 0
5663 0
5664 0
5665 0
5666 0
5667 0
5668 0
5669 0
5670 0
5671 0
5672 0
5673 0
5674 0
5675 0
5676 0
5677 0
5678 0
5679 0
5680 0
5681 0
5682 0
5683 0
5684 0
5685 0
5686 0
5687 0
5688 0
5689 0
5690 0
5691 0
5692 0
5693 0
5694 0
5695 0
5696 0
5697 0
5698 0
5699 0
5700 0
5701 0
5702 0
5703 0
5704 0
5705 0
5706 0
5707 0
5708 0
5709 0
5710 0
5711 0
5712 0
5713 0
5714 0
5715 0
5716 0
5717 0
5718 0
5719 0
5720 0
5721 0
5722 0
5723 0
5724 0
5725 0
5726 0
5727 0
5728 0
5729 0
5730 0
5731 0
5732 0
5733 0
5734 0
5735 0
5736 0
5737 0
5738 0
5739 0
5740 0
5741 0
5742 0
5743 0
5744 0
5745 0
5746 0
5747 0
5748 0
5749 0
5750 0
5751 0
5752 0
5753 0
5754 0
5755 0
5756 0
5757 0
5758 0
5759 0
5760 0
5761 0
5762 0
5763 0
5764 0
5765 0
5766 0
5767 0
5768 0
5769 0
5770 0
5771 0
5772 0
5773 0
5774 0
5775 0
5776 0
5777 0
5778 0
5779 0
5780 0
5781 0
5782 0
5783 0
5784 0
5785 0
5786 0
5787 0
5788 0
5789 0
5790 0
5791 0
5792 0
5793 0
5794 0
5795 0
5796 0
5797 0
5798 0
5799 0
5800 0
5801 0
5802 0
5803 0
5804 0
5805 0
5806 0
5807 0
5808 0
5809 0
5810 0
5811 0
5812 0
5813 0
5814 0
5815 0
5816 0
5817 0
5818 0
5819 0
5820 0
5821 0
5822 0
5823 0
5824 0
5825 0
5826 0
5827 0
5828 0
5829 0
5830 0
5831 0
5832 0
5833 0
5834 0
5835 0
5836 0
5837 0
5838 0
5839 0
5840 0
5841 0
5842 0
5843 0
5844 0
5845 0
5846 0
5847 0
5848 0
5849 0
5850 0
5851 0
5852 0
5853 0
5854 0
5855 0
5856 0
5857 0
5858 0
5859 0
5860 0
5861 0
5862 0
5863 0
5864 0
5865 0
5866 0
5867 0
5868 0
5869 0
5870 0
5871 0
5872 0
5873 0
5874 0
5875 0
5876 0
5877 0
5878 0
5879 0
5880 0
5881 0
5882 0
5883 0
5884 0
5885 0
5886 0
5887 0
5888 0
5889 0
5890 0
5891 0
5892 0
5893 0
5894 0
5895 0
5896 0
5897 0
5898 0
5899 0
5900 0
5901 0
5902 0
5903 0
5904 0
5905 0
5906 0
5907 0
5908 0
5909 0
5910 0
5911 0
5912 0
5913 0
5914 0
5915 0
5916 0
5917 0
5918 0
5919 0
5920 0
5921 0
5922 0
5923 0
5924 0
5925 0
5926 0
5927 0
5928 0
5929 0
5930 0
5931 0
5932 0
5933 0
5934 0
5935 0
5936 0
5937 0
5938 0
5939 0
5940 0
5941 0
5942 0
5943 0
5944 0
5945 0
5946 0
5947 0
5948 0
5949 0
5950 0
5951 0
5952 0
5953 0
5954 0
5955 0
5956 0
5957 0
5958 0
5959 0
5960 0
5961 0
5962 0
5963 0
5964 0
5965 0
5966 0
5967 0
5968 0
5969 0
5970 0
5971 0
5972 0
5973 0
5974 0
5975 0
5976 0
5977 0
5978 0
5979 0
5980 0
5981 0
5982 0
5983 0
5984 0
5985 0
5986 0
5987 0
5988 0
5989 0
5990 0
5991 0
5992 0
5993 0
5994 0
5995 0
5996 0
5997 0
5998 0
5999 0
