0 0
1 0
2 0
3 0
4 0
5 0
6 0
7 0
8 0
9 0
10 0
11 0
12 0
13 0
14 0
15 0
16 0
17 0
18 0
19 0
20 0
21 0
22 0
23 0
24 0
25 0
26 0
27 0
28 0
29 0
30 0
31 0
32 0
33 0
34 0
35 0
36 0
37 0
38 0
39 0
40 0
41 0
42 0
43 0
44 0
45 0
46 0
47 0
48 0
49 0
50 0
51 0
52 0
53 0
54 0
55 0
56 0
57 0
58 0
59 0
60 0
61 0
62 0
63 0
64 0
65 0
66 0
67 0
68 0
69 0
70 0
71 0
72 0
73 0
74 0
75 0
76 0
77 0
78 0
79 0
80 0
81 0
82 0
83 0
84 0
85 0
86 0
87 0
88 0
89 0
90 0
91 0
92 0
93 0
94 0
95 0
96 0
97 0
98 0
99 0
100 0
101 0
102 0
103 0
104 0
105 0
106 0
107 0
108 0
109 0
110 0
111 0
112 0
113 0
114 0
115 0
116 0
117 0
118 0
119 0
120 0
121 0
122 0
123 0
124 0
125 0
126 0
127 0
128 0
129 0
130 0
131 0
132 0
133 0
134 0
135 0
136 0
137 0
138 0
139 0
140 0
141 0
142 0
143 0
144 0
145 0
146 0
147 0
148 0
149 0
150 0
151 0
152 0
153 0
154 0
155 0
156 0
157 0
158 0
159 0
160 0
161 0
162 0
163 0
164 0
165 0
166 0
167 0
168 0
169 0
170 0
171 0
172 0
173 0
174 0
175 0
176 0
177 0
178 0
179 0
180 0
181 0
182 0
183 0
184 0
185 0
186 0
187 0
188 0
189 0
190 0
191 0
192 0
193 0
194 0
195 0
196 0
197 0
198 0
199 0
200 0
201 0
202 0
203 0
204 0
205 0
206 0
207 0
208 0
209 0
210 0
211 0
212 0
213 0
214 0
215 0
216 0
217 0
218 0
219 0
220 0
221 0
222 0
223 0
224 0
225 0
226 0
227 0
228 0
229 0
230 0
231 0
232 0
233 0
234 0
235 0
236 0
237 0
238 0
239 0
240 0
241 0
242 0
243 0
244 0
245 0
246 0
247 0
248 0
249 0
250 0
251 0
252 0
253 0
254 0
255 0
256 0
257 0
258 0
259 0
260 0
261 0
262 0
263 0
264 0
265 0
266 0
267 0
268 0
269 0
270 0
271 0
272 0
273 0
274 0
275 0
276 0
277 0
278 0
279 0
280 0
281 0
282 0
283 0
284 0
285 0
286 0
287 0
288 0
289 0
290 0
291 0
292 0
293 0
294 0
295 0
296 0
297 0
298 0
299 0
300 0
301 0
302 0
303 0
304 0
305 0
306 0
307 0
308 0
309 0
310 0
311 0
312 0
313 0
314 0
315 0
316 0
317 0
318 0
319 0
320 0
321 0
322 0
323 0
324 0
325 0
326 0
327 0
328 0
329 0
330 0
331 0
332 0
333 0
334 0
335 0
336 0
337 0
338 0
339 0
340 0
341 0
342 0
343 0
344 0
345 0
346 0
347 0
348 0
349 0
350 0
351 0
352 0
353 0
354 0
355 0
356 0
357 0
358 0
359 0
360 0
361 0
362 0
363 0
364 0
365 0
366 0
367 0
368 0
369 0
370 0
371 0
372 0
373 0
374 0
375 0
376 0
377 0
378 0
379 0
380 0
381 0
382 0
383 0
384 0
385 0
386 0
387 0
388 0
389 0
390 0
391 0
392 0
393 0
394 0
395 0
396 0
397 0
398 0
399 0
400 0
401 0
402 0
403 0
404 0
405 0
406 0
407 0
408 0
409 0
410 0
411 0
412 0
413 0
414 0
415 0
416 0
417 0
418 0
419 0
420 0
421 0
422 0
423 0
424 0
425 0
426 0
427 0
428 0
429 0
430 0
431 0
432 0
433 0
434 0
435 0
436 0
437 0
438 0
439 0
440 0
441 0
442 0
443 0
444 0
445 0
446 0
447 0
448 0
449 0
450 0
451 0
452 0
453 0
454 0
455 0
456 0
457 0
458 0
459 0
460 0
461 0
462 0
463 0
464 0
465 0
466 0
467 0
468 0
469 0
470 0
471 0
472 0
473 0
474 0
475 0
476 0
477 0
478 0
479 0
480 0
481 0
482 0
483 0
484 0
485 0
486 0
487 0
488 0
489 0
490 0
491 0
492 0
493 0
494 0
495 0
496 0
497 0
498 0
499 0
500 0
501 0
502 0
503 0
504 0
505 0
506 0
507 0
508 0
509 0
510 0
511 0
512 0
513 0
514 0
515 0
516 0
517 0
518 0
519 0
520 0
521 0
522 0
523 0
524 0
525 0
526 0
527 0
528 0
529 0
530 0
531 0
532 0
533 0
534 0
535 0
536 0
537 0
538 0
539 0
540 0
541 0
542 0
543 0
544 0
545 0
546 0
547 0
548 0
549 0
550 0
551 0
552 0
553 0
554 0
555 0
556 0
557 0
558 0
559 0
560 0
561 0
562 0
563 0
564 0
565 0
566 0
567 0
568 0
569 0
570 0
571 0
572 0
573 0
574 0
575 0
576 0
577 0
578 0
579 0
580 0
581 0
582 0
583 0
584 0
585 0
586 0
587 0
588 0
589 0
590 0
591 0
592 0
593 0
594 0
595 0
596 0
597 0
598 0
599 0
600 0
601 0
602 0
603 0
604 0
605 0
606 0
607 0
608 0
609 0
610 0
611 0
612 0
613 0
614 0
615 0
616 0
617 0
618 0
619 0
620 0
621 0
622 0
623 0
624 0
625 0
626 0
627 0
628 0
629 0
630 0
631 0
632 0
633 0
634 0
635 0
636 0
637 0
638 0
639 0
640 0
641 0
642 0
643 0
644 0
645 0
646 0
647 0
648 0
649 0
650 0
651 0
652 0
653 0
654 0
655 0
656 0
657 0
658 0
659 0
660 0
661 0
662 0
663 0
664 0
665 0
666 0
667 0
668 0
669 0
670 0
671 0
672 0
673 0
674 0
675 0
676 0
677 0
678 0
679 0
680 0
681 0
682 0
683 0
684 0
685 0
686 0
687 0
688 0
689 0
690 0
691 0
692 0
693 0
694 0
695 0
696 0
697 0
698 0
699 0
700 0
701 0
702 0
703 0
704 0
705 0
706 0
707 0
708 0
709 0
710 0
711 0
712 0
713 0
714 0
715 0
716 0
717 0
718 0
719 0
720 0
721 0
722 0
723 0
724 0
725 0
726 0
727 0
728 0
729 0
730 0
731 0
732 0
733 0
734 0
735 0
736 0
737 0
738 0
739 0
740 0
741 0
742 0
743 0
744 0
745 0
746 0
747 0
748 0
749 0
750 0
751 0
752 0
753 0
754 0
755 0
756 0
757 0
758 0
759 0
760 0
761 0
762 0
763 0
764 0
765 0
766 0
767 0
768 0
769 0
770 0
771 0
772 0
773 0
774 0
775 0
776 0
777 0
778 0
779 0
780 0
781 0
782 0
783 0
784 0
785 0
786 0
787 0
788 0
789 0
790 0
791 0
792 0
793 0
794 0
795 0
796 0
797 0
798 0
799 0
800 0
801 0
802 0
803 0
804 0
805 0
806 0
807 0
808 0
809 0
810 0
811 0
812 0
813 0
814 0
815 0
816 0
817 0
818 0
819 0
820 0
821 0
822 0
823 0
824 0
825 0
826 0
827 0
828 0
829 0
830 0
831 0
832 0
833 0
834 0
835 0
836 0
837 0
838 0
839 0
840 0
841 0
842 0
843 0
844 0
845 0
846 0
847 0
848 0
849 0
850 0
851 0
852 0
853 0
854 0
855 0
856 0
857 0
858 0
859 0
860 0
861 0
862 0
863 0
864 0
865 0
866 0
867 0
868 0
869 0
870 0
871 0
872 0
873 0
874 0
875 0
876 0
877 0
878 0
879 0
880 0
881 0
882 0
883 0
884 0
885 0
886 0
887 0
888 0
889 0
890 0
891 0
892 0
893 0
894 0
895 0
896 0
897 0
898 0
899 0
900 0
901 0
902 0
903 0
904 0
905 0
906 0
907 0
908 0
909 0
910 0
911 0
912 0
913 0
914 0
915 0
916 0
917 0
918 0
919 0
920 0
921 0
922 0
923 0
924 0
925 0
926 0
927 0
928 0
929 0
930 0
931 0
932 0
933 0
934 0
935 0
936 0
937 0
938 0
939 0
940 0
941 0
942 0
943 0
944 0
945 0
946 0
947 0
948 0
949 0
950 0
951 0
952 0
953 0
954 0
955 0
956 0
957 0
958 0
959 0
960 0
961 0
962 0
963 0
964 0
965 0
966 0
967 0
968 0
969 0
970 0
971 0
972 0
973 0
974 0
975 0
976 0
977 0
978 0
979 0
980 0
981 0
982 0
983 0
984 0
985 0
986 0
987 0
988 0
989 0
990 0
991 0
992 0
993 0
994 0
995 0
996 0
997 0
998 0
999 0
1000 0
1001 0
1002 0
1003 0
1004 0
1005 0
1006 0
1007 0
1008 0
1009 0
1010 0
1011 0
1012 0
1013 0
1014 0
1015 0
1016 0
1017 0
1018 0
1019 0
1020 0
1021 0
1022 0
1023 0
1024 0
1025 0
1026 0
1027 0
1028 0
1029 0
1030 0
1031 0
1032 0
1033 0
1034 0
1035 0
1036 0
1037 0
1038 0
1039 0
1040 0
1041 0
1042 0
1043 0
1044 0
1045 0
1046 0
1047 0
1048 0
1049 0
1050 0
1051 0
1052 0
1053 0
1054 0
1055 0
1056 0
1057 0
1058 0
1059 0
1060 0
1061 0
1062 0
1063 0
1064 0
1065 0
1066 0
1067 0
1068 0
1069 0
1070 0
1071 0
1072 0
1073 0
1074 0
1075 0
1076 0
1077 0
1078 0
1079 0
1080 0
1081 0
1082 0
1083 0
1084 0
1085 0
1086 0
1087 0
1088 0
1089 0
1090 0
1091 0
1092 0
1093 0
1094 0
1095 0
1096 0
1097 0
1098 0
1099 0
1100 0
1101 0
1102 0
1103 0
1104 0
1105 0
1106 0
1107 0
1108 0
1109 0
1110 0
1111 0
1112 0
1113 0
1114 0
1115 0
1116 0
1117 0
1118 0
1119 0
1120 0
1121 0
1122 0
1123 0
1124 0
1125 0
1126 0
1127 0
1128 0
1129 0
1130 0
1131 0
1132 0
1133 0
1134 0
1135 0
1136 0
1137 0
1138 0
1139 0
1140 0
1141 0
1142 0
1143 0
1144 0
1145 0
1146 0
1147 0
1148 0
1149 0
1150 0
1151 0
1152 0
1153 0
1154 0
1155 0
1156 0
1157 0
1158 0
1159 0
1160 0
1161 0
1162 0
1163 0
1164 0
1165 0
1166 0
1167 0
1168 0
1169 0
1170 0
1171 0
1172 0
1173 0
1174 0
1175 0
1176 0
1177 0
1178 0
1179 0
1180 0
1181 0
1182 0
1183 0
1184 0
1185 0
1186 0
1187 0
1188 0
1189 0
1190 0
1191 0
1192 0
1193 0
1194 0
1195 0
1196 0
1197 0
1198 0
1199 0
1200 0
1201 0
1202 0
1203 0
1204 0
1205 0
1206 0
1207 0
1208 0
1209 0
1210 0
1211 0
1212 0
1213 0
1214 0
1215 0
1216 0
1217 0
1218 0
1219 0
1220 0
1221 0
1222 0
1223 0
1224 0
1225 0
1226 0
1227 0
1228 0
1229 0
1230 0
1231 0
1232 0
1233 0
1234 0
1235 0
1236 0
1237 0
1238 0
1239 0
1240 0
1241 0
1242 0
1243 0
1244 0
1245 0
1246 0
1247 0
1248 0
1249 0
1250 0
1251 0
1252 0
1253 0
1254 0
1255 0
1256 0
1257 0
1258 0
1259 0
1260 0
1261 0
1262 0
1263 0
1264 0
1265 0
1266 0
1267 0
1268 0
1269 0
1270 0
1271 0
1272 0
1273 0
1274 0
1275 0
1276 0
1277 0
1278 0
1279 0
1280 0
1281 0
1282 0
1283 0
1284 0
1285 0
1286 0
1287 0
1288 0
1289 0
1290 0
1291 0
1292 0
1293 0
1294 0
1295 0
1296 0
1297 0
1298 0
1299 0
1300 0
1301 0
1302 0
1303 0
1304 0
1305 0
1306 0
1307 0
1308 0
1309 0
1310 0
1311 0
1312 0
1313 0
1314 0
1315 0
1316 0
1317 0
1318 0
1319 0
1320 0
1321 0
1322 0
1323 0
1324 0
1325 0
1326 0
1327 0
1328 0
1329 0
1330 0
1331 0
1332 0
1333 0
1334 0
1335 0
1336 0
1337 0
1338 0
1339 0
1340 0
1341 0
1342 0
1343 0
1344 0
1345 0
1346 0
1347 0
1348 0
1349 0
1350 0
1351 0
1352 0
1353 0
1354 0
1355 0
1356 0
1357 0
1358 0
1359 0
1360 0
1361 0
1362 0
1363 0
1364 0
1365 0
1366 0
1367 0
1368 0
1369 0
1370 0
1371 0
1372 0
1373 0
1374 0
1375 0
1376 0
1377 0
1378 0
1379 0
1380 0
1381 0
1382 0
1383 0
1384 0
1385 0
1386 0
1387 0
1388 0
1389 0
1390 0
1391 0
1392 0
1393 0
1394 0
1395 0
1396 0
1397 0
1398 0
1399 0
1400 0
1401 0
1402 0
1403 0
1404 0
1405 0
1406 0
1407 0
1408 0
1409 0
1410 0
1411 0
1412 0
1413 0
1414 0
1415 0
1416 0
1417 0
1418 0
1419 0
1420 0
1421 0
1422 0
1423 0
1424 0
1425 0
1426 0
1427 0
1428 0
1429 0
1430 0
1431 0
1432 0
1433 0
1434 0
1435 0
1436 0
1437 0
1438 0
1439 0
1440 0
1441 0
1442 0
1443 0
1444 0
1445 0
1446 0
1447 0
1448 0
1449 0
1450 0
1451 0
1452 0
1453 0
1454 0
1455 0
1456 0
1457 0
1458 0
1459 0
1460 0
1461 0
1462 0
1463 0
1464 0
1465 0
1466 0
1467 0
1468 0
1469 0
1470 0
1471 0
1472 0
1473 0
1474 0
1475 0
1476 0
1477 0
1478 0
1479 0
1480 0
1481 0
1482 0
1483 0
1484 0
1485 0
1486 0
1487 0
1488 0
1489 0
1490 0
1491 0
1492 0
1493 0
1494 0
1495 0
1496 0
1497 0
1498 0
1499 0
1500 0
1501 0
1502 0
1503 0
1504 0
1505 0
1506 0
1507 0
1508 0
1509 0
1510 0
1511 0
1512 0
1513 0
1514 0
1515 0
1516 0
1517 0
1518 0
1519 0
1520 0
1521 0
1522 0
1523 0
1524 0
1525 0
1526 0
1527 0
1528 0
1529 0
1530 0
1531 0
1532 0
1533 0
1534 0
1535 0
1536 0
1537 0
1538 0
1539 0
1540 0
1541 0
1542 0
1543 0
1544 0
1545 0
1546 0
1547 0
1548 0
1549 0
1550 0
1551 0
1552 0
1553 0
1554 0
1555 0
1556 0
1557 0
1558 0
1559 0
1560 0
1561 0
1562 0
1563 0
1564 0
1565 0
1566 0
1567 0
1568 0
1569 0
1570 0
1571 0
1572 0
1573 0
1574 0
1575 0
1576 0
1577 0
1578 0
1579 0
1580 0
1581 0
1582 0
1583 27
1584 0
1585 0
1586 0
1587 0
1588 0
1589 0
1590 0
1591 0
1592 0
1593 18
1594 0
1595 26
1596 0
1597 0
1598 0
1599 0
1600 0
1601 0
1602 0
1603 0
1604 0
1605 27
1606 19
1607 0
1608 0
1609 0
1610 39
1611 0
1612 0
1613 0
1614 0
1615 16
1616 0
1617 0
1618 0
1619 0
1620 22
1621 0
1622 0
1623 22
1624 0
1625 0
1626 0
1627 0
1628 0
1629 0
1630 21
1631 31
1632 0
1633 0
1634 24
1635 33
1636 0
1637 48
1638 22
1639 45
1640 22
1641 0
1642 0
1643 0
1644 0
1645 0
1646 23
1647 46
1648 46
1649 22
1650 56
1651 21
1652 0
1653 0
1654 24
1655 0
1656 34
1657 0
1658 0
1659 27
1660 0
1661 0
1662 59
1663 0
1664 27
1665 21
1666 25
1667 25
1668 0
1669 40
1670 19
1671 26
1672 41
1673 47
1674 24
1675 22
1676 26
1677 0
1678 77
1679 95
1680 68
1681 26
1682 52
1683 91
1684 96
1685 48
1686 77
1687 120
1688 136
1689 49
1690 24
1691 114
1692 149
1693 102
1694 111
1695 19
1696 71
1697 0
1698 151
1699 78
1700 194
1701 94
1702 73
1703 40
1704 65
1705 48
1706 41
1707 61
1708 17
1709 17
1710 89
1711 48
1712 103
1713 308
1714 153
1715 122
1716 144
1717 21
1718 56
1719 30
1720 112
1721 99
1722 120
1723 213
1724 192
1725 250
1726 201
1727 222
1728 195
1729 188
1730 181
1731 108
1732 217
1733 242
1734 103
1735 243
1736 198
1737 169
1738 293
1739 319
1740 170
1741 160
1742 263
1743 206
1744 71
1745 230
1746 291
1747 236
1748 193
1749 216
1750 187
1751 333
1752 336
1753 74
1754 242
1755 239
1756 289
1757 283
1758 168
1759 489
1760 273
1761 355
1762 136
1763 117
1764 265
1765 120
1766 324
1767 465
1768 265
1769 356
1770 362
1771 340
1772 396
1773 284
1774 313
1775 439
1776 414
1777 337
1778 516
1779 383
1780 339
1781 508
1782 334
1783 253
1784 247
1785 350
1786 428
1787 303
1788 607
1789 636
1790 420
1791 332
1792 281
1793 574
1794 561
1795 597
1796 334
1797 404
1798 374
1799 600
1800 615
1801 624
1802 616
1803 745
1804 560
1805 663
1806 683
1807 456
1808 492
1809 764
1810 922
1811 721
1812 730
1813 752
1814 890
1815 697
1816 584
1817 477
1818 848
1819 605
1820 958
1821 806
1822 732
1823 678
1824 744
1825 601
1826 871
1827 801
1828 659
1829 783
1830 723
1831 777
1832 820
1833 776
1834 996
1835 894
1836 763
1837 1159
1838 1000
1839 1035
1840 1032
1841 1198
1842 1081
1843 1208
1844 1124
1845 805
1846 920
1847 1281
1848 1034
1849 1200
1850 807
1851 1121
1852 776
1853 1267
1854 1408
1855 1473
1856 1366
1857 1692
1858 1131
1859 1361
1860 1616
1861 1146
1862 1410
1863 1129
1864 1563
1865 1403
1866 1530
1867 1337
1868 1185
1869 1668
1870 1469
1871 1464
1872 1730
1873 1634
1874 1373
1875 1684
1876 1407
1877 1361
1878 1518
1879 1590
1880 1701
1881 1795
1882 1789
1883 2276
1884 1781
1885 1761
1886 1589
1887 2333
1888 2256
1889 1888
1890 2075
1891 2027
1892 1869
1893 1933
1894 1750
1895 2056
1896 2271
1897 2106
1898 2243
1899 2022
1900 2277
1901 1996
1902 2272
1903 2238
1904 2190
1905 2833
1906 2353
1907 2405
1908 2705
1909 2135
1910 2872
1911 2784
1912 2411
1913 2527
1914 2480
1915 3115
1916 3131
1917 3064
1918 3021
1919 2150
1920 2470
1921 2708
1922 2581
1923 2939
1924 2476
1925 2589
1926 2796
1927 2706
1928 2785
1929 2938
1930 3011
1931 3521
1932 2993
1933 3395
1934 3210
1935 3249
1936 3429
1937 3508
1938 3733
1939 3170
1940 3723
1941 3699
1942 4352
1943 4222
1944 3747
1945 3982
1946 4097
1947 3645
1948 4184
1949 3898
1950 3961
1951 3927
1952 4421
1953 4238
1954 4211
1955 4230
1956 3988
1957 4017
1958 4234
1959 4656
1960 4633
1961 5046
1962 4775
1963 5158
1964 4184
1965 5167
1966 3919
1967 4407
1968 4759
1969 4720
1970 4552
1971 5081
1972 4710
1973 5182
1974 5026
1975 4968
1976 5253
1977 5367
1978 4563
1979 5328
1980 4384
1981 4952
1982 5778
1983 4957
1984 5524
1985 5805
1986 6434
1987 5684
1988 5933
1989 5833
1990 6629
1991 6690
1992 6125
1993 6554
1994 6305
1995 6209
1996 6987
1997 6186
1998 6882
1999 6990
2000 5858
2001 6916
2002 7125
2003 7225
2004 7275
2005 6710
2006 7174
2007 7582
2008 7253
2009 7289
2010 6743
2011 7233
2012 8389
2013 7131
2014 7616
2015 7174
2016 6994
2017 8005
2018 7949
2019 8470
2020 8472
2021 8882
2022 8544
2023 7644
2024 7925
2025 8182
2026 8325
2027 8780
2028 8613
2029 8452
2030 8651
2031 8527
2032 9593
2033 8856
2034 9723
2035 9347
2036 9507
2037 9656
2038 9519
2039 9456
2040 9745
2041 9322
2042 9579
2043 10152
2044 11017
2045 10073
2046 9671
2047 10597
2048 11133
2049 10429
2050 11334
2051 11440
2052 10830
2053 11057
2054 10732
2055 9957
2056 10878
2057 12028
2058 11764
2059 12205
2060 10932
2061 10880
2062 11924
2063 10629
2064 11221
2065 12748
2066 13227
2067 11456
2068 12313
2069 11975
2070 12692
2071 12576
2072 13556
2073 12900
2074 14489
2075 13116
2076 13994
2077 12488
2078 13363
2079 14032
2080 13876
2081 13703
2082 14775
2083 14005
2084 13839
2085 14634
2086 14327
2087 14265
2088 14121
2089 15190
2090 15037
2091 14199
2092 15284
2093 14935
2094 15754
2095 15588
2096 15460
2097 17554
2098 16504
2099 15785
2100 16588
2101 17162
2102 16492
2103 15675
2104 16969
2105 17119
2106 17320
2107 17417
2108 17574
2109 18052
2110 18676
2111 17756
2112 17489
2113 18349
2114 19005
2115 17808
2116 18848
2117 18463
2118 18602
2119 19550
2120 19411
2121 18678
2122 18077
2123 19949
2124 20474
2125 18920
2126 19701
2127 19665
2128 20653
2129 21138
2130 20685
2131 21127
2132 20686
2133 21217
2134 21307
2135 20352
2136 22165
2137 21872
2138 21663
2139 21222
2140 22092
2141 23030
2142 23199
2143 22965
2144 22736
2145 23167
2146 23168
2147 23695
2148 22480
2149 22510
2150 24271
2151 23737
2152 24408
2153 25060
2154 25279
2155 26261
2156 26765
2157 25241
2158 25904
2159 25876
2160 25919
2161 24767
2162 27054
2163 26930
2164 26907
2165 26925
2166 26566
2167 28320
2168 28684
2169 29829
2170 29182
2171 27899
2172 27780
2173 29783
2174 28556
2175 28958
2176 28296
2177 28749
2178 30286
2179 28665
2180 29693
2181 30617
2182 30273
2183 30312
2184 30725
2185 30199
2186 32609
2187 30081
2188 32741
2189 31344
2190 31352
2191 32048
2192 31978
2193 31929
2194 35316
2195 33938
2196 34450
2197 32849
2198 32965
2199 34099
2200 35613
2201 31978
2202 35059
2203 35280
2204 35217
2205 34386
2206 33979
2207 35657
2208 37438
2209 36479
2210 36311
2211 37299
2212 36352
2213 37948
2214 38621
2215 39347
2216 39118
2217 39356
2218 40034
2219 38561
2220 38181
2221 39285
2222 39651
2223 39148
2224 39426
2225 41055
2226 38938
2227 39317
2228 40371
2229 41227
2230 43155
2231 41533
2232 43556
2233 43733
2234 42056
2235 42657
2236 43169
2237 42980
2238 44893
2239 44014
2240 46275
2241 47130
2242 43764
2243 45099
2244 46105
2245 46502
2246 49697
2247 49163
2248 47540
2249 47877
2250 47975
2251 47737
2252 48576
2253 49240
2254 48814
2255 47173
2256 48386
2257 51117
2258 48546
2259 49791
2260 52988
2261 52100
2262 53209
2263 53312
2264 52779
2265 54249
2266 52045
2267 52839
2268 52802
2269 54969
2270 52760
2271 53649
2272 54718
2273 52727
2274 55363
2275 56398
2276 55327
2277 57047
2278 55828
2279 58043
2280 57876
2281 58422
2282 59478
2283 57739
2284 60913
2285 62468
2286 60195
2287 61946
2288 58871
2289 62167
2290 65141
2291 63151
2292 66354
2293 64269
2294 64342
2295 63493
2296 63332
2297 66720
2298 63765
2299 66713
2300 66414
2301 67254
2302 67572
2303 69131
2304 66486
2305 66365
2306 67535
2307 68806
2308 68745
2309 70164
2310 71297
2311 70608
2312 71177
2313 72963
2314 69928
2315 71983
2316 72186
2317 72877
2318 72557
2319 71666
2320 72427
2321 73060
2322 73105
2323 71770
2324 75932
2325 72530
2326 73620
2327 73757
2328 74125
2329 79059
2330 77205
2331 79174
2332 79055
2333 78641
2334 81351
2335 80637
2336 83379
2337 81064
2338 82529
2339 84457
2340 83922
2341 81710
2342 84278
2343 84808
2344 84892
2345 87455
2346 86840
2347 86902
2348 88228
2349 87751
2350 89020
2351 84591
2352 86693
2353 90654
2354 88723
2355 90678
2356 87558
2357 91606
2358 91280
2359 92428
2360 91066
2361 92886
2362 92131
2363 92491
2364 94721
2365 96642
2366 93384
2367 94379
2368 95994
2369 97365
2370 98751
2371 95150
2372 98658
2373 99121
2374 97502
2375 101972
2376 100448
2377 97687
2378 102679
2379 100109
2380 100660
2381 101215
2382 101192
2383 100636
2384 103507
2385 105127
2386 108468
2387 104122
2388 103763
2389 105854
2390 107641
2391 108349
2392 106405
2393 106913
2394 106424
2395 111721
2396 111566
2397 112218
2398 114250
2399 114834
2400 118527
2401 110792
2402 111939
2403 111936
2404 113778
2405 114679
2406 115313
2407 114360
2408 115547
2409 116051
2410 120497
2411 119295
2412 120456
2413 122375
2414 121958
2415 122671
2416 122479
2417 124895
2418 124463
2419 125408
2420 124000
2421 127041
2422 124665
2423 129305
2424 130789
2425 129112
2426 129764
2427 127274
2428 132758
2429 132315
2430 126267
2431 130343
2432 134127
2433 134079
2434 131734
2435 129759
2436 133422
2437 135697
2438 136600
2439 140274
2440 138321
2441 139903
2442 140232
2443 139870
2444 143192
2445 141768
2446 141140
2447 142178
2448 143788
2449 145423
2450 143558
2451 146119
2452 144748
2453 149994
2454 147062
2455 149642
2456 148061
2457 148143
2458 151219
2459 150000
2460 150269
2461 151224
2462 148884
2463 157925
2464 156831
2465 153878
2466 152945
2467 156895
2468 155462
2469 157666
2470 158966
2471 159141
2472 160284
2473 166353
2474 163083
2475 161817
2476 162506
2477 165761
2478 166003
2479 163215
2480 163002
2481 165032
2482 168160
2483 168342
2484 168706
2485 170040
2486 166473
2487 172951
2488 171640
2489 171446
2490 173800
2491 169573
2492 173885
2493 175270
2494 175694
2495 176872
2496 177043
2497 177134
2498 176317
2499 178949
2500 180797
2501 179308
2502 180757
2503 185899
2504 190572
2505 183246
2506 186511
2507 186443
2508 185275
2509 187084
2510 187607
2511 186555
2512 191025
2513 194553
2514 192597
2515 190086
2516 191890
2517 197907
2518 195668
2519 192557
2520 195821
2521 196209
2522 195993
2523 198407
2524 197835
2525 202538
2526 198297
2527 204919
2528 197903
2529 205490
2530 205109
2531 207645
2532 204356
2533 204503
2534 206648
2535 209012
2536 207737
2537 206836
2538 208908
2539 207722
2540 213634
2541 212010
2542 212267
2543 212011
2544 217938
2545 221374
2546 217934
2547 215804
2548 221731
2549 216639
2550 224298
2551 222430
2552 224568
2553 219938
2554 222678
2555 225000
2556 224588
2557 230021
2558 229263
2559 225827
2560 231512
2561 234228
2562 236005
2563 234722
2564 236971
2565 233051
2566 236631
2567 242028
2568 234886
2569 239450
2570 240174
2571 241792
2572 243755
2573 241850
2574 241592
2575 246216
2576 245464
2577 246961
2578 246787
2579 247249
2580 248249
2581 246764
2582 251768
2583 251756
2584 249058
2585 249586
2586 252490
2587 254677
2588 262420
2589 252080
2590 263775
2591 262158
2592 264032
2593 264381
2594 260561
2595 260728
2596 265449
2597 266580
2598 264608
2599 269888
2600 264809
2601 271540
2602 272677
2603 275309
2604 272593
2605 270416
2606 272402
2607 272758
2608 275521
2609 272636
2610 273803
2611 282004
2612 278437
2613 280026
2614 279106
2615 280453
2616 282589
2617 285342
2618 285687
2619 288578
2620 282609
2621 293767
2622 286857
2623 291986
2624 294086
2625 295927
2626 296895
2627 296977
2628 297132
2629 296943
2630 296983
2631 300929
2632 296983
2633 298888
2634 303267
2635 301387
2636 306948
2637 308662
2638 312150
2639 309982
2640 310099
2641 310833
2642 316501
2643 311742
2644 316538
2645 315105
2646 310472
2647 318239
2648 320840
2649 318348
2650 319074
2651 326070
2652 331615
2653 325703
2654 320534
2655 325622
2656 324996
2657 326234
2658 332602
2659 333964
2660 325972
2661 323523
2662 333247
2663 334739
2664 331544
2665 337862
2666 335956
2667 340828
2668 337807
2669 340589
2670 345081
2671 340853
2672 342869
2673 346365
2674 351251
2675 349808
2676 348371
2677 352420
2678 345886
2679 351276
2680 350942
2681 358411
2682 352896
2683 355746
2684 358495
2685 359528
2686 355753
2687 358574
2688 370141
2689 366741
2690 369398
2691 367277
2692 365843
2693 363745
2694 369780
2695 376331
2696 375202
2697 373503
2698 372172
2699 375796
2700 376690
2701 376561
2702 380678
2703 377678
2704 378179
2705 383919
2706 389241
2707 376428
2708 386955
2709 383454
2710 385724
2711 388552
2712 386986
2713 391429
2714 391422
2715 397075
2716 390976
2717 393446
2718 392261
2719 399880
2720 405724
2721 401741
2722 402883
2723 400451
2724 399644
2725 402125
2726 406348
2727 412202
2728 412699
2729 409563
2730 410083
2731 414087
2732 411260
2733 410215
2734 420355
2735 419329
2736 418283
2737 420977
2738 416146
2739 427169
2740 419335
2741 422943
2742 422631
2743 426516
2744 427627
2745 420373
2746 432506
2747 429656
2748 428028
2749 430811
2750 431704
2751 436956
2752 437099
2753 439156
2754 435175
2755 443524
2756 441774
2757 442440
2758 443658
2759 449286
2760 449391
2761 442349
2762 456741
2763 453377
2764 449399
2765 453190
2766 455886
2767 456915
2768 451065
2769 451032
2770 459560
2771 462332
2772 462172
2773 471868
2774 469135
2775 473443
2776 465213
2777 467233
2778 477377
2779 469703
2780 471436
2781 474864
2782 470203
2783 477958
2784 479722
2785 482459
2786 480535
2787 479935
2788 479580
2789 482452
2790 484266
2791 487507
2792 486195
2793 491540
2794 488493
2795 490174
2796 486490
2797 493373
2798 492876
2799 504252
2800 494869
2801 493344
2802 499850
2803 499739
2804 503235
2805 503388
2806 509831
2807 506858
2808 502717
2809 512413
2810 519118
2811 516175
2812 506604
2813 511385
2814 516917
2815 513155
2816 512857
2817 515269
2818 516427
2819 520123
2820 519838
2821 525144
2822 524814
2823 526098
2824 534756
2825 535702
2826 526682
2827 540639
2828 536227
2829 537558
2830 533388
2831 531346
2832 532582
2833 540108
2834 538586
2835 545215
2836 539968
2837 543303
2838 538061
2839 547392
2840 544076
2841 547354
2842 545183
2843 543788
2844 550958
2845 557443
2846 550676
2847 550688
2848 549404
2849 560976
2850 558224
2851 564125
2852 563349
2853 558278
2854 568899
2855 566702
2856 564076
2857 566803
2858 568025
2859 578549
2860 574483
2861 580383
2862 576871
2863 572972
2864 576810
2865 585856
2866 582965
2867 580687
2868 582180
2869 579511
2870 587733
2871 588797
2872 587215
2873 587034
2874 588675
2875 590536
2876 592293
2877 594711
2878 594266
2879 589746
2880 598898
2881 602353
2882 603749
2883 595135
2884 608139
2885 608873
2886 607224
2887 606225
2888 601726
2889 603347
2890 611085
2891 606189
2892 607340
2893 619953
2894 623432
2895 612210
2896 614681
2897 617832
2898 614236
2899 625995
2900 625402
2901 623220
2902 622170
2903 621927
2904 624347
2905 636359
2906 631121
2907 626825
2908 642636
2909 632358
2910 633747
2911 637651
2912 631839
2913 643454
2914 640373
2915 637737
2916 639608
2917 635090
2918 653759
2919 647039
2920 642535
2921 651295
2922 647482
2923 651821
2924 653947
2925 659038
2926 654371
2927 651086
2928 653214
2929 661345
2930 655877
2931 654143
2932 661497
2933 658972
2934 662851
2935 656723
2936 665572
2937 667418
2938 676509
2939 675398
2940 669503
2941 666584
2942 668697
2943 674708
2944 679185
2945 678746
2946 675096
2947 676989
2948 681643
2949 685477
2950 676670
2951 676226
2952 690370
2953 679023
2954 696716
2955 691888
2956 690178
2957 687101
2958 696286
2959 697674
2960 700370
2961 691017
2962 700192
2963 699616
2964 700350
2965 691562
2966 693591
2967 695493
2968 706761
2969 707743
2970 703869
2971 711137
2972 704733
2973 706631
2974 713009
2975 705851
2976 706960
2977 709460
2978 713842
2979 717152
2980 715202
2981 720556
2982 721228
2983 716998
2984 719983
2985 725991
2986 719331
2987 728057
2988 729660
2989 730986
2990 729584
2991 725984
2992 724656
2993 735074
2994 728174
2995 736913
2996 732993
2997 735768
2998 734550
2999 737559
3000 750457
3001 739494
3002 736345
3003 736992
3004 748700
3005 744922
3006 743131
3007 740085
3008 743094
3009 743408
3010 753905
3011 753414
3012 748083
3013 748022
3014 759732
3015 756140
3016 753157
3017 758618
3018 749233
3019 762465
3020 759240
3021 764897
3022 763598
3023 755006
3024 768514
3025 764681
3026 767359
3027 775405
3028 770312
3029 769819
3030 770622
3031 772637
3032 771787
3033 779531
3034 772006
3035 786195
3036 780471
3037 778505
3038 784030
3039 786256
3040 788967
3041 785558
3042 785256
3043 778006
3044 779693
3045 788981
3046 793277
3047 788108
3048 786183
3049 784241
3050 802008
3051 792802
3052 800149
3053 789648
3054 780256
3055 805211
3056 803975
3057 799956
3058 794254
3059 794400
3060 806187
3061 811949
3062 810236
3063 800343
3064 808361
3065 807046
3066 801328
3067 807975
3068 803711
3069 805425
3070 805688
3071 813644
3072 818171
3073 810058
3074 807229
3075 812855
3076 813355
3077 821990
3078 806274
3079 815274
3080 822773
3081 817970
3082 821331
3083 826838
3084 824466
3085 828394
3086 827111
3087 829279
3088 837707
3089 820974
3090 830512
3091 831847
3092 835547
3093 833687
3094 838982
3095 827317
3096 829769
3097 828902
3098 835051
3099 833052
3100 829045
3101 842682
3102 847088
3103 834328
3104 840927
3105 836393
3106 843873
3107 841769
3108 858470
3109 846910
3110 841611
3111 846622
3112 858196
3113 846980
3114 848255
3115 853964
3116 848425
3117 854216
3118 857739
3119 856634
3120 849016
3121 842638
3122 852128
3123 841160
3124 838019
3125 856741
3126 860040
3127 853756
3128 852503
3129 859659
3130 863082
3131 869068
3132 860353
3133 857129
3134 871044
3135 856322
3136 865717
3137 867203
3138 872450
3139 866752
3140 871029
3141 862269
3142 876349
3143 876987
3144 870155
3145 868806
3146 874194
3147 879488
3148 876443
3149 886119
3150 874285
3151 864864
3152 875489
3153 880520
3154 886331
3155 879662
3156 871265
3157 877194
3158 877199
3159 880673
3160 880074
3161 875962
3162 895147
3163 894962
3164 885153
3165 879821
3166 883891
3167 882029
3168 885017
3169 885307
3170 881868
3171 889147
3172 889717
3173 887546
3174 892703
3175 887093
3176 884568
3177 893657
3178 882851
3179 887422
3180 893078
3181 896912
3182 895488
3183 893945
3184 887554
3185 895297
3186 896914
3187 902623
3188 898344
3189 903549
3190 903056
3191 900167
3192 898765
3193 902876
3194 897085
3195 904797
3196 906138
3197 902614
3198 902464
3199 896924
3200 907171
3201 915231
3202 900295
3203 906651
3204 904555
3205 898590
3206 896175
3207 903789
3208 898530
3209 898166
3210 915732
3211 906736
3212 909507
3213 910901
3214 904902
3215 923876
3216 910167
3217 910574
3218 907483
3219 902876
3220 913280
3221 918854
3222 910007
3223 912236
3224 911645
3225 912686
3226 918163
3227 918326
3228 915025
3229 919669
3230 909393
3231 914088
3232 919171
3233 913001
3234 916301
3235 912816
3236 914049
3237 911948
3238 916883
3239 913469
3240 910122
3241 925639
3242 918052
3243 918894
3244 925978
3245 920337
3246 920812
3247 924053
3248 923388
3249 916779
3250 920830
3251 916687
3252 927610
3253 926835
3254 924561
3255 924117
3256 929451
3257 935816
3258 930507
3259 933124
3260 922888
3261 921082
3262 925727
3263 929077
3264 928170
3265 938505
3266 923066
3267 919713
3268 920448
3269 923232
3270 936226
3271 925327
3272 933294
3273 926338
3274 925270
3275 917173
3276 930878
3277 932242
3278 931694
3279 936290
3280 938769
3281 926115
3282 920851
3283 924032
3284 932142
3285 931627
3286 928746
3287 924014
3288 927342
3289 935970
3290 936621
3291 930912
3292 929965
3293 922091
3294 922210
3295 927585
3296 925574
3297 927399
3298 929736
3299 927444
3300 920392
3301 926656
3302 931884
3303 933770
3304 942027
3305 932555
3306 929841
3307 926462
3308 932857
3309 934839
3310 932302
3311 933621
3312 928744
3313 937480
3314 918133
3315 935545
3316 932004
3317 933518
3318 933156
3319 932112
3320 926851
3321 931273
3322 921199
3323 924504
3324 928409
3325 928161
3326 921775
3327 920479
3328 934639
3329 925441
3330 927378
3331 929237
3332 925111
3333 916767
3334 922478
3335 924074
3336 924969
3337 935645
3338 927103
3339 925879
3340 928598
3341 922566
3342 916978
3343 927866
3344 918187
3345 929371
3346 918289
3347 923354
3348 925244
3349 926135
3350 921608
3351 920380
3352 918763
3353 912543
3354 923137
3355 920581
3356 923060
3357 923377
3358 926198
3359 917040
3360 920450
3361 924396
3362 931929
3363 914195
3364 915684
3365 922616
3366 922503
3367 919495
3368 916286
3369 911475
3370 920558
3371 923065
3372 922622
3373 920549
3374 905883
3375 909854
3376 910855
3377 908453
3378 902941
3379 919293
3380 914301
3381 920700
3382 903374
3383 918518
3384 908076
3385 907489
3386 920396
3387 906209
3388 906056
3389 918532
3390 913497
3391 910253
3392 905194
3393 903864
3394 896001
3395 909203
3396 909595
3397 918006
3398 900345
3399 912999
3400 904414
3401 904713
3402 900098
3403 908493
3404 903227
3405 898638
3406 899985
3407 901284
3408 897098
3409 901146
3410 903741
3411 898020
3412 910387
3413 899560
3414 896018
3415 890444
3416 897318
3417 900603
3418 899221
3419 896174
3420 890274
3421 896419
3422 891841
3423 895959
3424 892730
3425 888166
3426 893182
3427 892023
3428 897617
3429 891696
3430 890449
3431 888454
3432 888070
3433 886256
3434 891367
3435 887210
3436 886686
3437 895714
3438 883604
3439 886079
3440 882782
3441 883936
3442 887023
3443 878986
3444 888770
3445 878873
3446 879790
3447 886658
3448 875240
3449 877016
3450 884058
3451 866803
3452 871421
3453 876164
3454 875294
3455 868034
3456 871972
3457 871703
3458 877408
3459 880455
3460 871371
3461 866217
3462 862544
3463 868832
3464 882462
3465 880538
3466 850073
3467 855059
3468 863196
3469 864977
3470 869233
3471 861993
3472 857445
3473 850693
3474 863502
3475 852950
3476 857495
3477 847657
3478 855592
3479 852725
3480 851447
3481 843906
3482 855189
3483 841366
3484 852748
3485 845084
3486 850700
3487 852707
3488 858403
3489 849918
3490 850135
3491 851714
3492 840145
3493 843523
3494 840515
3495 845248
3496 841939
3497 839108
3498 841170
3499 844252
3500 847564
3501 836607
3502 826623
3503 829534
3504 833166
3505 829759
3506 834705
3507 812121
3508 816791
3509 825070
3510 829354
3511 827076
3512 827932
3513 822620
3514 831954
3515 828837
3516 819478
3517 815369
3518 812838
3519 817056
3520 821155
3521 813604
3522 818120
3523 814162
3524 810434
3525 816882
3526 814572
3527 810947
3528 800031
3529 805514
3530 798512
3531 809209
3532 803476
3533 807799
3534 808072
3535 806904
3536 803968
3537 801392
3538 803185
3539 804785
3540 803885
3541 796372
3542 787284
3543 791610
3544 794547
3545 798248
3546 799646
3547 789352
3548 785263
3549 785700
3550 783725
3551 801045
3552 794255
3553 776752
3554 782611
3555 775997
3556 783125
3557 781471
3558 771758
3559 771742
3560 773872
3561 769504
3562 774555
3563 779940
3564 770279
3565 774282
3566 776972
3567 784835
3568 764603
3569 767536
3570 766321
3571 764840
3572 764453
3573 770780
3574 762066
3575 769890
3576 756099
3577 758368
3578 755049
3579 753009
3580 758949
3581 762995
3582 749226
3583 744270
3584 751111
3585 743381
3586 746961
3587 735764
3588 743449
3589 742131
3590 750862
3591 748492
3592 750829
3593 739358
3594 734304
3595 736149
3596 743296
3597 743181
3598 736327
3599 744674
3600 732074
3601 734990
3602 737799
3603 734857
3604 734973
3605 719957
3606 728142
3607 726728
3608 734332
3609 730740
3610 720484
3611 713482
3612 718894
3613 721904
3614 711151
3615 715431
3616 715864
3617 719461
3618 708350
3619 714181
3620 713095
3621 705353
3622 706448
3623 713815
3624 704278
3625 702324
3626 698919
3627 699813
3628 704578
3629 710283
3630 700757
3631 690169
3632 694692
3633 694238
3634 692507
3635 688828
3636 684040
3637 691924
3638 696578
3639 688855
3640 689704
3641 680027
3642 689855
3643 682816
3644 689348
3645 676811
3646 681799
3647 676027
3648 672318
3649 678725
3650 675157
3651 660789
3652 667050
3653 676270
3654 672588
3655 664440
3656 662484
3657 664844
3658 660593
3659 662521
3660 660396
3661 653767
3662 655668
3663 659331
3664 656859
3665 655629
3666 647534
3667 657448
3668 656135
3669 643919
3670 655398
3671 649336
3672 647874
3673 646946
3674 640157
3675 632727
3676 639560
3677 639918
3678 646346
3679 626983
3680 637823
3681 624558
3682 635150
3683 637540
3684 630539
3685 628967
3686 626548
3687 620565
3688 628540
3689 624851
3690 614770
3691 618704
3692 621696
3693 613316
3694 620660
3695 622192
3696 609668
3697 609479
3698 611715
3699 618401
3700 619188
3701 609411
3702 606817
3703 597826
3704 590371
3705 592667
3706 603193
3707 607655
3708 601630
3709 595318
3710 591629
3711 583501
3712 593489
3713 587979
3714 582911
3715 588338
3716 582887
3717 575197
3718 585983
3719 576217
3720 581909
3721 581689
3722 579470
3723 581009
3724 574257
3725 577168
3726 568257
3727 572320
3728 573780
3729 573646
3730 567435
3731 564589
3732 564082
3733 561999
3734 560033
3735 556833
3736 561588
3737 557287
3738 560716
3739 561812
3740 555932
3741 555398
3742 559510
3743 553634
3744 546039
3745 538803
3746 540771
3747 547947
3748 542822
3749 544403
3750 542750
3751 538524
3752 541301
3753 537268
3754 536624
3755 530535
3756 524334
3757 529819
3758 521675
3759 525698
3760 524678
3761 523129
3762 525068
3763 521035
3764 532021
3765 520537
3766 523447
3767 514680
3768 519740
3769 513307
3770 511853
3771 511988
3772 511802
3773 509266
3774 507807
3775 501149
3776 507679
3777 497253
3778 503170
3779 499416
3780 497012
3781 504584
3782 507248
3783 502981
3784 497378
3785 489694
3786 488973
3787 491241
3788 490918
3789 485489
3790 486703
3791 483676
3792 486877
3793 489930
3794 483784
3795 485476
3796 479086
3797 480011
3798 475546
3799 475299
3800 471429
3801 465825
3802 460108
3803 462708
3804 467910
3805 468693
3806 460314
3807 462329
3808 465713
3809 466513
3810 460036
3811 460131
3812 455113
3813 452958
3814 454449
3815 457307
3816 452136
3817 453303
3818 450536
3819 447223
3820 439668
3821 445746
3822 449086
3823 444266
3824 442223
3825 437964
3826 437354
3827 427245
3828 429953
3829 440452
3830 434500
3831 433238
3832 429514
3833 426102
3834 430061
3835 429915
3836 430721
3837 420268
3838 420695
3839 422411
3840 430999
3841 423934
3842 425834
3843 421954
3844 415116
3845 413572
3846 412983
3847 408729
3848 409832
3849 400883
3850 412422
3851 400486
3852 402558
3853 389634
3854 397704
3855 405283
3856 399983
3857 391615
3858 391463
3859 389312
3860 391755
3861 390888
3862 392422
3863 390632
3864 387994
3865 385599
3866 386642
3867 386117
3868 380279
3869 382940
3870 377305
3871 380552
3872 383145
3873 377495
3874 384326
3875 370084
3876 377618
3877 374128
3878 366621
3879 367944
3880 371047
3881 366085
3882 363718
3883 366182
3884 365719
3885 360322
3886 366693
3887 361561
3888 354612
3889 353322
3890 357558
3891 358925
3892 355596
3893 356503
3894 347693
3895 353988
3896 352962
3897 352682
3898 347347
3899 344521
3900 345211
3901 342475
3902 345171
3903 344801
3904 344028
3905 336616
3906 331586
3907 333996
3908 345108
3909 335129
3910 330014
3911 322333
3912 328046
3913 327116
3914 327442
3915 329914
3916 324955
3917 325537
3918 321218
3919 318367
3920 317955
3921 321661
3922 319226
3923 323538
3924 317713
3925 317659
3926 312302
3927 310054
3928 312694
3929 313546
3930 305263
3931 310850
3932 305687
3933 305083
3934 302286
3935 302243
3936 305136
3937 308323
3938 300540
3939 295465
3940 295821
3941 299237
3942 295281
3943 297863
3944 293987
3945 297348
3946 288138
3947 293113
3948 297957
3949 288218
3950 284119
3951 285858
3952 280944
3953 281944
3954 281346
3955 283505
3956 281178
3957 276793
3958 274901
3959 278397
3960 273377
3961 271276
3962 274550
3963 270860
3964 271512
3965 267755
3966 270494
3967 263835
3968 267286
3969 271422
3970 263544
3971 263154
3972 261215
3973 266974
3974 256952
3975 260157
3976 254342
3977 258911
3978 253455
3979 252823
3980 256690
3981 252294
3982 251175
3983 250944
3984 252426
3985 249729
3986 248948
3987 242924
3988 239704
3989 243551
3990 247625
3991 237932
3992 233099
3993 237709
3994 240421
3995 241465
3996 245724
3997 237967
3998 234656
3999 234097
4000 234533
4001 235801
4002 233352
4003 229177
4004 233263
4005 231279
4006 227128
4007 223351
4008 221878
4009 219588
4010 223190
4011 224746
4012 220390
4013 219820
4014 220488
4015 212839
4016 217687
4017 216231
4018 218192
4019 213607
4020 212642
4021 213126
4022 210229
4023 216990
4024 213417
4025 211486
4026 210890
4027 211832
4028 204360
4029 205240
4030 202046
4031 203012
4032 203178
4033 200750
4034 202332
4035 202991
4036 199068
4037 197324
4038 197709
4039 198679
4040 194802
4041 190235
4042 190398
4043 190371
4044 188465
4045 194095
4046 192430
4047 189208
4048 191406
4049 188092
4050 185890
4051 185722
4052 185326
4053 183233
4054 183638
4055 180968
4056 181756
4057 179674
4058 176224
4059 176090
4060 173998
4061 174020
4062 175889
4063 171439
4064 172645
4065 170977
4066 170623
4067 172962
4068 168381
4069 169096
4070 171319
4071 167288
4072 167753
4073 162043
4074 165605
4075 164474
4076 166353
4077 163577
4078 169536
4079 160748
4080 158006
4081 158576
4082 155687
4083 157024
4084 155255
4085 154671
4086 157059
4087 155854
4088 151754
4089 151960
4090 147263
4091 151128
4092 152412
4093 146606
4094 145056
4095 148343
4096 146889
4097 147094
4098 147019
4099 141873
4100 142236
4101 142607
4102 144121
4103 144906
4104 140642
4105 144159
4106 142363
4107 140767
4108 136656
4109 140258
4110 134894
4111 135880
4112 130655
4113 134133
4114 132093
4115 130193
4116 131298
4117 129781
4118 127615
4119 126838
4120 127727
4121 128492
4122 127050
4123 125981
4124 121213
4125 120710
4126 120322
4127 123404
4128 120871
4129 121075
4130 122277
4131 118667
4132 115754
4133 122217
4134 118724
4135 117560
4136 117935
4137 117044
4138 114881
4139 114903
4140 113585
4141 111190
4142 108550
4143 109153
4144 110062
4145 111817
4146 109675
4147 109953
4148 106093
4149 107942
4150 106974
4151 107057
4152 105197
4153 104669
4154 103309
4155 102428
4156 105750
4157 104370
4158 103843
4159 105459
4160 98836
4161 101800
4162 103205
4163 100128
4164 96344
4165 99753
4166 95853
4167 93582
4168 92449
4169 93571
4170 95313
4171 93990
4172 92275
4173 93044
4174 92561
4175 90313
4176 90855
4177 90059
4178 92131
4179 88358
4180 86539
4181 86840
4182 85467
4183 85898
4184 85532
4185 85782
4186 87087
4187 85362
4188 88536
4189 87343
4190 84796
4191 81819
4192 79757
4193 80683
4194 77764
4195 76749
4196 79235
4197 77369
4198 75848
4199 76236
4200 77344
4201 76112
4202 78234
4203 76105
4204 77552
4205 74737
4206 74430
4207 74080
4208 73566
4209 72141
4210 69954
4211 75344
4212 72541
4213 71123
4214 70981
4215 69255
4216 68141
4217 67269
4218 68810
4219 69410
4220 63553
4221 63975
4222 65753
4223 63867
4224 63625
4225 61590
4226 65873
4227 64935
4228 61470
4229 61686
4230 63985
4231 65174
4232 64386
4233 62987
4234 59474
4235 60781
4236 58912
4237 61648
4238 60900
4239 60322
4240 58698
4241 56568
4242 56283
4243 56868
4244 55316
4245 54596
4246 53511
4247 54760
4248 53622
4249 54094
4250 51825
4251 50478
4252 51175
4253 50763
4254 50602
4255 50993
4256 49879
4257 50156
4258 50957
4259 51567
4260 50604
4261 48050
4262 50943
4263 49308
4264 47639
4265 47678
4266 46762
4267 49199
4268 45547
4269 44480
4270 43288
4271 44767
4272 43352
4273 44250
4274 41757
4275 42337
4276 41611
4277 42027
4278 42772
4279 41491
4280 41304
4281 41347
4282 42413
4283 41387
4284 39433
4285 39874
4286 39926
4287 39821
4288 41382
4289 38647
4290 38574
4291 38542
4292 37785
4293 37326
4294 38036
4295 37848
4296 33565
4297 34643
4298 34844
4299 33506
4300 34956
4301 35379
4302 33171
4303 34479
4304 35351
4305 34570
4306 33238
4307 31616
4308 31764
4309 32077
4310 33609
4311 32233
4312 32927
4313 31172
4314 33014
4315 31712
4316 30755
4317 29744
4318 29598
4319 30121
4320 30163
4321 28365
4322 28921
4323 29129
4324 29187
4325 27442
4326 26141
4327 26760
4328 27017
4329 27668
4330 27249
4331 26754
4332 27290
4333 26234
4334 25720
4335 24237
4336 26757
4337 25160
4338 26296
4339 24030
4340 26101
4341 24200
4342 23842
4343 22813
4344 25254
4345 23061
4346 23048
4347 20650
4348 21382
4349 22421
4350 19572
4351 21629
4352 21592
4353 20208
4354 18873
4355 21972
4356 21180
4357 21233
4358 20008
4359 20546
4360 19925
4361 18861
4362 21577
4363 19513
4364 19226
4365 18795
4366 19915
4367 18720
4368 19523
4369 19208
4370 17471
4371 18385
4372 16846
4373 17765
4374 17403
4375 16201
4376 15323
4377 16796
4378 15677
4379 15877
4380 15995
4381 15943
4382 14902
4383 14490
4384 15989
4385 14434
4386 15235
4387 15051
4388 15122
4389 14033
4390 15179
4391 15410
4392 14884
4393 14722
4394 13732
4395 12988
4396 12669
4397 13841
4398 14094
4399 13458
4400 13140
4401 11571
4402 12071
4403 11996
4404 11917
4405 11865
4406 12403
4407 11976
4408 11410
4409 11042
4410 9896
4411 10847
4412 10509
4413 11519
4414 10471
4415 10569
4416 10838
4417 10203
4418 10917
4419 11059
4420 10882
4421 10488
4422 10871
4423 9565
4424 8715
4425 9561
4426 9232
4427 9282
4428 8906
4429 9331
4430 8695
4431 9073
4432 8189
4433 9058
4434 7875
4435 8487
4436 7869
4437 8344
4438 8587
4439 8167
4440 7691
4441 8402
4442 7740
4443 6866
4444 7382
4445 7767
4446 7736
4447 7032
4448 6675
4449 6285
4450 6771
4451 5967
4452 6703
4453 6763
4454 6705
4455 7068
4456 5860
4457 6192
4458 6418
4459 5705
4460 6359
4461 6042
4462 5799
4463 5672
4464 6535
4465 6117
4466 5676
4467 5648
4468 5883
4469 5971
4470 5705
4471 5475
4472 4943
4473 4542
4474 4286
4475 4503
4476 4722
4477 4640
4478 4864
4479 4206
4480 4279
4481 3972
4482 4563
4483 4083
4484 4374
4485 4213
4486 4083
4487 4336
4488 4134
4489 4118
4490 4525
4491 3390
4492 3577
4493 3814
4494 4258
4495 3613
4496 4238
4497 3634
4498 3559
4499 3572
4500 3721
4501 3313
4502 2998
4503 3078
4504 3018
4505 2810
4506 3137
4507 2449
4508 2763
4509 2165
4510 2896
4511 2619
4512 2979
4513 2974
4514 2650
4515 2520
4516 2855
4517 2896
4518 2917
4519 3108
4520 2598
4521 2655
4522 2669
4523 1945
4524 2218
4525 2603
4526 2476
4527 2219
4528 2790
4529 2024
4530 2252
4531 2135
4532 2318
4533 1710
4534 2173
4535 2120
4536 1801
4537 1581
4538 1410
4539 1589
4540 1286
4541 1866
4542 1505
4543 1812
4544 1496
4545 1559
4546 1845
4547 1669
4548 1744
4549 1470
4550 1496
4551 1506
4552 1534
4553 1458
4554 1463
4555 1564
4556 1390
4557 984
4558 881
4559 1185
4560 1271
4561 1406
4562 1001
4563 1265
4564 1059
4565 803
4566 1092
4567 1046
4568 967
4569 869
4570 836
4571 1169
4572 906
4573 848
4574 1294
4575 1112
4576 727
4577 1370
4578 1022
4579 838
4580 1203
4581 1124
4582 878
4583 769
4584 810
4585 773
4586 761
4587 703
4588 828
4589 625
4590 683
4591 493
4592 728
4593 898
4594 615
4595 610
4596 387
4597 358
4598 888
4599 508
4600 269
4601 413
4602 578
4603 382
4604 662
4605 742
4606 728
4607 540
4608 514
4609 801
4610 484
4611 476
4612 547
4613 401
4614 502
4615 267
4616 259
4617 208
4618 418
4619 271
4620 451
4621 311
4622 168
4623 224
4624 377
4625 270
4626 242
4627 251
4628 241
4629 275
4630 288
4631 179
4632 192
4633 250
4634 168
4635 120
4636 271
4637 383
4638 436
4639 214
4640 219
4641 288
4642 270
4643 204
4644 272
4645 71
4646 171
4647 83
4648 244
4649 78
4650 142
4651 184
4652 59
4653 71
4654 331
4655 164
4656 61
4657 206
4658 148
4659 141
4660 185
4661 240
4662 286
4663 171
4664 73
4665 138
4666 94
4667 170
4668 224
4669 154
4670 121
4671 164
4672 84
4673 55
4674 140
4675 87
4676 101
4677 84
4678 77
4679 58
4680 52
4681 56
4682 77
4683 26
4684 44
4685 101
4686 50
4687 49
4688 124
4689 65
4690 113
4691 0
4692 253
4693 91
4694 69
4695 104
4696 72
4697 0
4698 28
4699 121
4700 20
4701 22
4702 85
4703 45
4704 15
4705 35
4706 0
4707 61
4708 24
4709 17
4710 24
4711 0
4712 0
4713 0
4714 45
4715 59
4716 24
4717 0
4718 18
4719 56
4720 48
4721 96
4722 0
4723 0
4724 0
4725 42
4726 88
4727 0
4728 52
4729 0
4730 28
4731 47
4732 23
4733 0
4734 24
4735 0
4736 0
4737 0
4738 0
4739 0
4740 0
4741 0
4742 0
4743 0
4744 0
4745 0
4746 24
4747 0
4748 22
4749 25
4750 0
4751 0
4752 20
4753 0
4754 0
4755 21
4756 24
4757 0
4758 0
4759 0
4760 0
4761 0
4762 0
4763 0
4764 0
4765 29
4766 0
4767 0
4768 30
4769 0
4770 0
4771 0
4772 0
4773 0
4774 0
4775 0
4776 26
4777 0
4778 0
4779 51
4780 0
4781 0
4782 23
4783 0
4784 0
4785 0
4786 0
4787 0
4788 0
4789 0
4790 0
4791 0
4792 0
4793 0
4794 0
4795 0
4796 0
4797 25
4798 0
4799 0
4800 0
4801 0
4802 0
4803 0
4804 22
4805 0
4806 0
4807 0
4808 0
4809 0
4810 0
4811 0
4812 0
4813 0
4814 0
4815 0
4816 0
4817 0
4818 0
4819 0
4820 0
4821 0
4822 0
4823 0
4824 0
4825 0
4826 0
4827 0
4828 0
4829 0
4830 0
4831 0
4832 0
4833 0
4834 0
4835 0
4836 0
4837 0
4838 0
4839 0
4840 0
4841 0
4842 0
4843 0
4844 0
4845 0
4846 0
4847 0
4848 0
4849 0
4850 0
4851 0
4852 0
4853 0
4854 0
4855 0
4856 0
4857 0
4858 0
4859 0
4860 0
4861 0
4862 0
4863 0
4864 0
4865 0
4866 0
4867 0
4868 0
4869 0
4870 0
4871 0
4872 0
4873 0
4874 0
4875 0
4876 0
4877 0
4878 0
4879 0
4880 0
4881 0
4882 0
4883 0
4884 0
4885 0
4886 0
4887 0
4888 0
4889 0
4890 0
4891 0
4892 0
4893 0
4894 0
4895 0
4896 0
4897 0
4898 0
4899 0
4900 0
4901 0
4902 0
4903 0
4904 0
4905 0
4906 0
4907 0
4908 0
4909 0
4910 0
4911 0
4912 0
4913 0
4914 0
4915 0
4916 0
4917 0
4918 0
4919 0
4920 0
4921 0
4922 0
4923 0
4924 0
4925 0
4926 0
4927 0
4928 0
4929 0
4930 0
4931 0
4932 0
4933 0
4934 0
4935 0
4936 0
4937 0
4938 0
4939 0
4940 0
4941 0
4942 0
4943 0
4944 0
4945 0
4946 0
4947 0
4948 0
4949 0
4950 0
4951 0
4952 0
4953 0
4954 0
4955 0
4956 0
4957 0
4958 0
4959 0
4960 0
4961 0
4962 0
4963 0
4964 0
4965 0
4966 0
4967 0
4968 0
4969 0
4970 0
4971 0
4972 0
4973 0
4974 0
4975 0
4976 0
4977 0
4978 0
4979 0
4980 0
4981 0
4982 0
4983 0
4984 0
4985 0
4986 0
4987 0
4988 0
4989 0
4990 0
4991 0
4992 0
4993 0
4994 0
4995 0
4996 0
4997 0
4998 0
4999 0
5000 0
5001 0
5002 0
5003 0
5004 0
5005 0
5006 0
5007 0
5008 0
5009 0
5010 0
5011 0
5012 0
5013 0
5014 0
5015 0
5016 0
5017 0
5018 0
5019 0
5020 0
5021 0
5022 0
5023 0
5024 0
5025 0
5026 0
5027 0
5028 0
5029 0
5030 0
5031 0
5032 0
5033 0
5034 0
5035 0
5036 0
5037 0
5038 0
5039 0
5040 0
5041 0
5042 0
5043 0
5044 0
5045 0
5046 0
5047 0
5048 0
5049 0
5050 0
5051 0
5052 0
5053 0
5054 0
5055 0
5056 0
5057 0
5058 0
5059 0
5060 0
5061 0
5062 0
5063 0
5064 0
5065 0
5066 0
5067 0
5068 0
5069 0
5070 0
5071 0
5072 0
5073 0
5074 0
5075 0
5076 0
5077 0
5078 0
5079 0
5080 0
5081 0
5082 0
5083 0
5084 0
5085 0
5086 0
5087 0
5088 0
5089 0
5090 0
5091 0
5092 0
5093 0
5094 0
5095 0
5096 0
5097 0
5098 0
5099 0
5100 0
5101 0
5102 0
5103 0
5104 0
5105 0
5106 0
5107 0
5108 0
5109 0
5110 0
5111 0
5112 0
5113 0
5114 0
5115 0
5116 0
5117 0
5118 0
5119 0
5120 0
5121 0
5122 0
5123 0
5124 0
5125 0
5126 0
5127 0
5128 0
5129 0
5130 0
5131 0
5132 0
5133 0
5134 0
5135 0
5136 0
5137 0
5138 0
5139 0
5140 0
5141 0
5142 0
5143 0
5144 0
5145 0
5146 0
5147 0
5148 0
5149 0
5150 0
5151 0
5152 0
5153 0
5154 0
5155 0
5156 0
5157 0
5158 0
5159 0
5160 0
5161 0
5162 0
5163 0
5164 0
5165 0
5166 0
5167 0
5168 0
5169 0
5170 0
5171 0
5172 0
5173 0
5174 0
5175 0
5176 0
5177 0
5178 0
5179 0
5180 0
5181 0
5182 0
5183 0
5184 0
5185 0
5186 0
5187 0
5188 0
5189 0
5190 0
5191 0
5192 0
5193 0
5194 0
5195 0
5196 0
5197 0
5198 0
5199 0
5200 0
5201 0
5202 0
5203 0
5204 0
5205 0
5206 0
5207 0
5208 0
5209 0
5210 0
5211 0
5212 0
5213 0
5214 0
5215 0
5216 0
5217 0
5218 0
5219 0
5220 0
5221 0
5222 0
5223 0
5224 0
5225 0
5226 0
5227 0
5228 0
5229 0
5230 0
5231 0
5232 0
5233 0
5234 0
5235 0
5236 0
5237 0
5238 0
5239 0
5240 0
5241 0
5242 0
5243 0
5244 0
5245 0
5246 0
5247 0
5248 0
5249 0
5250 0
5251 0
5252 0
5253 0
5254 0
5255 0
5256 0
5257 0
5258 0
5259 0
5260 0
5261 0
5262 0
5263 0
5264 0
5265 0
5266 0
5267 0
5268 0
5269 0
5270 0
5271 0
5272 0
5273 0
5274 0
5275 0
5276 0
5277 0
5278 0
5279 0
5280 0
5281 0
5282 0
5283 0
5284 0
5285 0
5286 0
5287 0
5288 0
5289 0
5290 0
5291 0
5292 0
5293 0
5294 0
5295 0
5296 0
5297 0
5298 0
5299 0
5300 0
5301 0
5302 0
5303 0
5304 0
5305 0
5306 0
5307 0
5308 0
5309 0
5310 0
5311 0
5312 0
5313 0
5314 0
5315 0
5316 0
5317 0
5318 0
5319 0
5320 0
5321 0
5322 0
5323 0
5324 0
5325 0
5326 0
5327 0
5328 0
5329 0
5330 0
5331 0
5332 0
5333 0
5334 0
5335 0
5336 0
5337 0
5338 0
5339 0
5340 0
5341 0
5342 0
5343 0
5344 0
5345 0
5346 0
5347 0
5348 0
5349 0
5350 0
5351 0
5352 0
5353 0
5354 0
5355 0
5356 0
5357 0
5358 0
5359 0
5360 0
5361 0
5362 0
5363 0
5364 0
5365 0
5366 0
5367 0
5368 0
5369 0
5370 0
5371 0
5372 0
5373 0
5374 0
5375 0
5376 0
5377 0
5378 0
5379 0
5380 0
5381 0
5382 0
5383 0
5384 0
5385 0
5386 0
5387 0
5388 0
5389 0
5390 0
5391 0
5392 0
5393 0
5394 0
5395 0
5396 0
5397 0
5398 0
5399 0
5400 0
5401 0
5402 0
5403 0
5404 0
5405 0
5406 0
5407 0
5408 0
5409 0
5410 0
5411 0
5412 0
5413 0
5414 0
5415 0
5416 0
5417 0
5418 0
5419 0
5420 0
5421 0
5422 0
5423 0
5424 0
5425 0
5426 0
5427 0
5428 0
5429 0
5430 0
5431 0
5432 0
5433 0
5434 0
5435 0
5436 0
5437 0
5438 0
5439 0
5440 0
5441 0
5442 0
5443 0
5444 0
5445 0
5446 0
5447 0
5448 0
5449 0
5450 0
5451 0
5452 0
5453 0
5454 0
5455 0
5456 0
5457 0
5458 0
5459 0
5460 0
5461 0
5462 0
5463 0
5464 0
5465 0
5466 0
5467 0
5468 0
5469 0
5470 0
5471 0
5472 0
5473 0
5474 0
5475 0
5476 0
5477 0
5478 0
5479 0
5480 0
5481 0
5482 0
5483 0
5484 0
5485 0
5486 0
5487 0
5488 0
5489 0
5490 0
5491 0
5492 0
5493 0
5494 0
5495 0
5496 0
5497 0
5498 0
5499 0
5500 0
5501 0
5502 0
5503 0
5504 0
5505 0
5506 0
5507 0
5508 0
5509 0
5510 0
5511 0
5512 0
5513 0
5514 0
5515 0
5516 0
5517 0
5518 0
5519 0
5520 0
5521 0
5522 0
5523 0
5524 0
5525 0
5526 0
5527 0
5528 0
5529 0
5530 0
5531 0
5532 0
5533 0
5534 0
5535 0
5536 0
5537 0
5538 0
5539 0
5540 0
5541 0
5542 0
5543 0
5544 0
5545 0
5546 0
5547 0
5548 0
5549 0
5550 0
5551 0
5552 0
5553 0
5554 0
5555 0
5556 0
5557 0
5558 0
5559 0
5560 0
5561 0
5562 0
5563 0
5564 0
5565 0
5566 0
5567 0
5568 0
5569 0
5570 0
5571 0
5572 0
5573 0
5574 0
5575 0
5576 0
5577 0
5578 0
5579 0
5580 0
5581 0
5582 0
5583 0
5584 0
5585 0
5586 0
5587 0
5588 0
5589 0
5590 0
5591 0
5592 0
5593 0
5594 0
5595 0
5596 0
5597 0
5598 0
5599 0
5600 0
5601 0
5602 0
5603 0
5604 0
5605 0
5606 0
5607 0
5608 0
5609 0
5610 0
5611 0
5612 0
5613 0
5614 0
5615 0
5616 0
5617 0
5618 0
5619 0
5620 0
5621 0
5622 0
5623 0
5624 0
5625 0
5626 0
5627 0
5628 0
5629 0
5630 0
5631 0
5632 0
5633 0
5634 0
5635 0
5636 0
5637 0
5638 0
5639 0
5640 0
5641 0
5642 0
5643 0
5644 0
5645 0
5646 0
5647 0
5648 0
5649 0
5650 0
5651 0
5652 0
5653 0
5654 0
5655 0
5656 0
5657 0
5658 0
5659 0
5660 0
5661 0
5662 0
5663 0
5664 0
5665 0
5666 0
5667 0
5668 0
5669 0
5670 0
5671 0
5672 0
5673 0
5674 0
5675 0
5676 0
5677 0
5678 0
5679 0
5680 0
5681 0
5682 0
5683 0
5684 0
5685 0
5686 0
5687 0
5688 0
5689 0
5690 0
5691 0
5692 0
5693 0
5694 0
5695 0
5696 0
5697 0
5698 0
5699 0
5700 0
5701 0
5702 0
5703 0
5704 0
5705 0
5706 0
5707 0
5708 0
5709 0
5710 0
5711 0
5712 0
5713 0
5714 0
5715 0
5716 0
5717 0
5718 0
5719 0
5720 0
5721 0
5722 0
5723 0
5724 0
5725 0
5726 0
5727 0
5728 0
5729 0
5730 0
5731 0
5732 0
5733 0
5734 0
5735 0
5736 0
5737 0
5738 0
5739 0
5740 0
5741 0
5742 0
5743 0
5744 0
5745 0
5746 0
5747 0
5748 0
5749 0
5750 0
5751 0
5752 0
5753 0
5754 0
5755 0
5756 0
5757 0
5758 0
5759 0
5760 0
5761 0
5762 0
5763 0
5764 0
5765 0
5766 0
5767 0
5768 0
5769 0
5770 0
5771 0
5772 0
5773 0
5774 0
5775 0
5776 0
5777 0
5778 0
5779 0
5780 0
5781 0
5782 0
5783 0
5784 0
5785 0
5786 0
5787 0
5788 0
5789 0
5790 0
5791 0
5792 0
5793 0
5794 0
5795 0
5796 0
5797 0
5798 0
5799 0
5800 0
5801 0
5802 0
5803 0
5804 0
5805 0
5806 0
5807 0
5808 0
5809 0
5810 0
5811 0
5812 0
5813 0
5814 0
5815 0
5816 0
5817 0
5818 0
5819 0
5820 0
5821 0
5822 0
5823 0
5824 0
5825 0
5826 0
5827 0
5828 0
5829 0
5830 0
5831 0
5832 0
5833 0
5834 0
5835 0
5836 0
5837 0
5838 0
5839 0
5840 0
5841 0
5842 0
5843 0
5844 0
5845 0
5846 0
5847 0
5848 0
5849 0
5850 0
5851 0
5852 0
5853 0
5854 0
5855 0
5856 0
5857 0
5858 0
5859 0
5860 0
5861 0
5862 0
5863 0
5864 0
5865 0
5866 0
5867 0
5868 0
5869 0
5870 0
5871 0
5872 0
5873 0
5874 0
5875 0
5876 0
5877 0
5878 0
5879 0
5880 0
5881 0
5882 0
5883 0
5884 0
5885 0
5886 0
5887 0
5888 0
5889 0
5890 0
5891 0
5892 0
5893 0
5894 0
5895 0
5896 0
5897 0
5898 0
5899 0
5900 0
5901 0
5902 0
5903 0
5904 0
5905 0
5906 0
5907 0
5908 0
5909 0
5910 0
5911 0
5912 0
5913 0
5914 0
5915 0
5916 0
5917 0
5918 0
5919 0
5920 0
5921 0
5922 0
5923 0
5924 0
5925 0
5926 0
5927 0
5928 0
5929 0
5930 0
5931 0
5932 0
5933 0
5934 0
5935 0
5936 0
5937 0
5938 0
5939 0
5940 0
5941 0
5942 0
5943 0
5944 0
5945 0
5946 0
5947 0
5948 0
5949 0
5950 0
5951 0
5952 0
5953 0
5954 0
5955 0
5956 0
5957 0
5958 0
5959 0
5960 0
5961 0
5962 0
5963 0
5964 0
5965 0
5966 0
5967 0
5968 0
5969 0
5970 0
5971 0
5972 0
5973 0
5974 0
5975 0
5976 0
5977 0
5978 0
5979 0
5980 0
5981 0
5982 0
5983 0
5984 0
5985 0
5986 0
5987 0
5988 0
5989 0
5990 0
5991 0
5992 0
5993 0
5994 0
5995 0
5996 0
5997 0
5998 0
5999 0
