0 0
1 0
2 0
3 0
4 0
5 0
6 0
7 0
8 0
9 0
10 0
11 0
12 0
13 0
14 0
15 0
16 0
17 0
18 0
19 0
20 0
21 0
22 0
23 0
24 0
25 0
26 0
27 0
28 0
29 0
30 0
31 0
32 0
33 0
34 0
35 0
36 0
37 0
38 0
39 0
40 0
41 0
42 0
43 0
44 0
45 0
46 0
47 0
48 0
49 0
50 0
51 0
52 0
53 0
54 0
55 0
56 0
57 0
58 0
59 0
60 0
61 0
62 0
63 0
64 0
65 0
66 0
67 0
68 0
69 0
70 0
71 0
72 0
73 0
74 0
75 0
76 0
77 0
78 0
79 0
80 0
81 0
82 0
83 0
84 0
85 0
86 0
87 0
88 0
89 0
90 0
91 0
92 0
93 0
94 0
95 0
96 0
97 0
98 0
99 0
100 0
101 0
102 0
103 0
104 0
105 0
106 0
107 0
108 0
109 0
110 0
111 0
112 0
113 0
114 0
115 0
116 0
117 0
118 0
119 0
120 0
121 0
122 0
123 0
124 0
125 0
126 0
127 0
128 0
129 0
130 0
131 0
132 0
133 0
134 0
135 0
136 0
137 0
138 0
139 0
140 0
141 0
142 0
143 0
144 0
145 0
146 0
147 0
148 0
149 0
150 0
151 0
152 0
153 0
154 0
155 0
156 0
157 0
158 0
159 0
160 0
161 0
162 0
163 0
164 0
165 0
166 0
167 0
168 0
169 0
170 0
171 0
172 0
173 0
174 0
175 0
176 0
177 0
178 0
179 0
180 0
181 0
182 0
183 0
184 0
185 0
186 0
187 0
188 0
189 0
190 0
191 0
192 0
193 0
194 0
195 0
196 0
197 0
198 0
199 0
200 0
201 0
202 0
203 0
204 0
205 0
206 0
207 0
208 0
209 0
210 0
211 0
212 0
213 0
214 0
215 0
216 0
217 0
218 0
219 0
220 0
221 0
222 0
223 0
224 0
225 0
226 0
227 0
228 0
229 0
230 0
231 0
232 0
233 0
234 0
235 0
236 0
237 0
238 0
239 0
240 0
241 0
242 0
243 0
244 0
245 0
246 0
247 0
248 0
249 0
250 0
251 0
252 0
253 0
254 0
255 0
256 0
257 0
258 0
259 0
260 0
261 0
262 0
263 0
264 0
265 0
266 0
267 0
268 0
269 0
270 0
271 0
272 0
273 0
274 0
275 0
276 0
277 0
278 0
279 0
280 0
281 0
282 0
283 0
284 0
285 0
286 0
287 0
288 0
289 0
290 0
291 0
292 0
293 0
294 0
295 0
296 0
297 0
298 0
299 0
300 0
301 0
302 0
303 0
304 0
305 0
306 0
307 0
308 0
309 0
310 0
311 0
312 0
313 0
314 0
315 0
316 0
317 0
318 0
319 0
320 0
321 0
322 0
323 0
324 0
325 0
326 0
327 0
328 0
329 0
330 0
331 0
332 0
333 0
334 0
335 0
336 0
337 0
338 0
339 0
340 0
341 0
342 0
343 0
344 0
345 0
346 0
347 0
348 0
349 0
350 0
351 0
352 0
353 0
354 0
355 0
356 0
357 0
358 0
359 0
360 0
361 0
362 0
363 0
364 0
365 0
366 0
367 0
368 0
369 0
370 0
371 0
372 0
373 0
374 0
375 0
376 0
377 0
378 0
379 0
380 0
381 0
382 0
383 0
384 0
385 0
386 0
387 0
388 0
389 0
390 0
391 0
392 0
393 0
394 0
395 0
396 0
397 0
398 0
399 0
400 0
401 0
402 0
403 0
404 0
405 0
406 0
407 0
408 0
409 0
410 0
411 0
412 0
413 0
414 0
415 0
416 0
417 0
418 0
419 0
420 0
421 0
422 0
423 0
424 0
425 0
426 0
427 0
428 0
429 0
430 0
431 0
432 0
433 0
434 0
435 0
436 0
437 0
438 0
439 0
440 0
441 0
442 0
443 0
444 0
445 0
446 0
447 0
448 0
449 0
450 0
451 0
452 0
453 0
454 0
455 0
456 0
457 0
458 0
459 0
460 0
461 0
462 0
463 0
464 0
465 0
466 0
467 0
468 0
469 0
470 0
471 0
472 0
473 0
474 0
475 0
476 0
477 0
478 0
479 0
480 0
481 0
482 0
483 0
484 0
485 0
486 0
487 0
488 0
489 0
490 0
491 0
492 0
493 0
494 0
495 0
496 0
497 0
498 0
499 0
500 0
501 0
502 0
503 0
504 0
505 0
506 0
507 0
508 0
509 0
510 0
511 0
512 0
513 0
514 0
515 0
516 0
517 0
518 0
519 0
520 0
521 0
522 0
523 0
524 0
525 0
526 0
527 0
528 0
529 0
530 0
531 0
532 0
533 0
534 0
535 0
536 0
537 0
538 0
539 0
540 0
541 0
542 0
543 0
544 0
545 0
546 0
547 0
548 0
549 0
550 0
551 0
552 0
553 0
554 0
555 0
556 0
557 0
558 0
559 0
560 0
561 0
562 0
563 0
564 0
565 0
566 0
567 0
568 0
569 0
570 0
571 0
572 0
573 0
574 0
575 0
576 0
577 0
578 0
579 0
580 0
581 0
582 0
583 0
584 0
585 0
586 0
587 0
588 0
589 0
590 0
591 0
592 0
593 0
594 0
595 0
596 0
597 0
598 0
599 0
600 0
601 0
602 0
603 0
604 0
605 0
606 0
607 0
608 0
609 0
610 0
611 0
612 0
613 0
614 0
615 0
616 0
617 0
618 0
619 0
620 0
621 0
622 0
623 0
624 0
625 0
626 0
627 0
628 0
629 0
630 0
631 0
632 0
633 0
634 0
635 0
636 0
637 0
638 0
639 0
640 0
641 0
642 0
643 0
644 0
645 0
646 0
647 0
648 0
649 0
650 0
651 0
652 0
653 0
654 0
655 0
656 0
657 0
658 0
659 0
660 0
661 0
662 0
663 0
664 0
665 0
666 0
667 0
668 0
669 0
670 0
671 0
672 0
673 0
674 0
675 0
676 0
677 0
678 0
679 0
680 0
681 0
682 0
683 0
684 0
685 0
686 0
687 0
688 0
689 0
690 0
691 0
692 0
693 0
694 0
695 0
696 0
697 0
698 0
699 0
700 0
701 0
702 0
703 0
704 0
705 0
706 0
707 0
708 0
709 0
710 0
711 0
712 0
713 0
714 0
715 0
716 0
717 0
718 0
719 0
720 0
721 0
722 0
723 0
724 0
725 0
726 0
727 0
728 0
729 0
730 0
731 0
732 0
733 0
734 0
735 0
736 0
737 0
738 0
739 0
740 0
741 0
742 0
743 0
744 0
745 0
746 0
747 0
748 0
749 0
750 0
751 0
752 0
753 0
754 0
755 0
756 0
757 0
758 0
759 0
760 0
761 0
762 0
763 0
764 0
765 0
766 0
767 0
768 0
769 0
770 0
771 0
772 0
773 0
774 0
775 0
776 0
777 0
778 0
779 0
780 0
781 0
782 0
783 0
784 0
785 0
786 0
787 0
788 0
789 0
790 0
791 0
792 0
793 0
794 0
795 0
796 0
797 0
798 0
799 0
800 0
801 0
802 0
803 0
804 0
805 0
806 0
807 0
808 0
809 0
810 0
811 0
812 0
813 0
814 0
815 0
816 0
817 0
818 0
819 0
820 0
821 0
822 0
823 0
824 0
825 0
826 0
827 0
828 0
829 0
830 0
831 0
832 0
833 0
834 0
835 0
836 0
837 0
838 0
839 0
840 0
841 0
842 0
843 0
844 0
845 0
846 0
847 0
848 0
849 0
850 0
851 0
852 0
853 0
854 0
855 0
856 0
857 0
858 0
859 0
860 0
861 0
862 0
863 0
864 0
865 0
866 0
867 0
868 0
869 0
870 0
871 0
872 0
873 0
874 0
875 0
876 0
877 0
878 0
879 0
880 0
881 0
882 0
883 0
884 0
885 0
886 0
887 0
888 0
889 0
890 0
891 0
892 0
893 0
894 0
895 0
896 0
897 0
898 0
899 0
900 0
901 0
902 0
903 0
904 0
905 0
906 0
907 0
908 0
909 0
910 0
911 0
912 0
913 0
914 0
915 0
916 0
917 0
918 0
919 0
920 0
921 0
922 0
923 0
924 0
925 0
926 0
927 0
928 0
929 0
930 0
931 0
932 0
933 0
934 0
935 0
936 0
937 0
938 0
939 0
940 0
941 0
942 0
943 0
944 0
945 0
946 0
947 0
948 0
949 0
950 0
951 0
952 0
953 0
954 0
955 0
956 0
957 0
958 0
959 0
960 0
961 0
962 0
963 0
964 0
965 0
966 0
967 0
968 0
969 0
970 0
971 0
972 0
973 0
974 0
975 0
976 0
977 0
978 0
979 0
980 0
981 0
982 0
983 0
984 0
985 0
986 0
987 0
988 0
989 0
990 0
991 0
992 0
993 0
994 0
995 0
996 0
997 0
998 0
999 0
1000 0
1001 0
1002 0
1003 0
1004 0
1005 0
1006 0
1007 0
1008 0
1009 0
1010 0
1011 0
1012 0
1013 0
1014 0
1015 0
1016 0
1017 0
1018 0
1019 0
1020 0
1021 0
1022 0
1023 0
1024 0
1025 0
1026 0
1027 0
1028 0
1029 0
1030 0
1031 0
1032 0
1033 0
1034 0
1035 0
1036 0
1037 0
1038 0
1039 0
1040 0
1041 0
1042 0
1043 0
1044 0
1045 0
1046 0
1047 0
1048 0
1049 0
1050 0
1051 0
1052 0
1053 0
1054 0
1055 0
1056 0
1057 0
1058 0
1059 0
1060 0
1061 0
1062 0
1063 0
1064 0
1065 0
1066 0
1067 0
1068 0
1069 0
1070 0
1071 0
1072 0
1073 0
1074 0
1075 0
1076 0
1077 0
1078 0
1079 0
1080 0
1081 0
1082 0
1083 0
1084 0
1085 0
1086 0
1087 0
1088 0
1089 0
1090 0
1091 0
1092 0
1093 0
1094 0
1095 0
1096 0
1097 0
1098 0
1099 0
1100 0
1101 0
1102 0
1103 0
1104 0
1105 0
1106 0
1107 0
1108 0
1109 0
1110 0
1111 0
1112 0
1113 0
1114 0
1115 0
1116 0
1117 0
1118 0
1119 0
1120 0
1121 0
1122 0
1123 0
1124 0
1125 0
1126 0
1127 0
1128 0
1129 0
1130 0
1131 0
1132 0
1133 0
1134 0
1135 0
1136 0
1137 0
1138 0
1139 0
1140 0
1141 0
1142 0
1143 0
1144 0
1145 0
1146 0
1147 0
1148 0
1149 0
1150 0
1151 0
1152 0
1153 0
1154 0
1155 0
1156 0
1157 0
1158 0
1159 0
1160 0
1161 0
1162 0
1163 0
1164 0
1165 0
1166 0
1167 0
1168 0
1169 0
1170 0
1171 0
1172 0
1173 0
1174 0
1175 0
1176 0
1177 0
1178 0
1179 0
1180 0
1181 0
1182 0
1183 0
1184 0
1185 0
1186 0
1187 0
1188 0
1189 0
1190 0
1191 0
1192 0
1193 0
1194 0
1195 0
1196 0
1197 0
1198 0
1199 0
1200 0
1201 0
1202 0
1203 0
1204 0
1205 0
1206 0
1207 0
1208 0
1209 0
1210 0
1211 0
1212 0
1213 0
1214 0
1215 0
1216 0
1217 0
1218 0
1219 0
1220 0
1221 0
1222 0
1223 0
1224 0
1225 0
1226 0
1227 0
1228 0
1229 0
1230 0
1231 0
1232 0
1233 0
1234 0
1235 0
1236 0
1237 0
1238 0
1239 0
1240 0
1241 0
1242 0
1243 0
1244 0
1245 0
1246 0
1247 0
1248 0
1249 0
1250 0
1251 0
1252 0
1253 0
1254 0
1255 0
1256 0
1257 0
1258 0
1259 0
1260 0
1261 0
1262 0
1263 0
1264 0
1265 0
1266 0
1267 0
1268 0
1269 0
1270 0
1271 0
1272 0
1273 0
1274 0
1275 0
1276 0
1277 0
1278 0
1279 0
1280 0
1281 0
1282 0
1283 0
1284 0
1285 0
1286 0
1287 0
1288 0
1289 0
1290 0
1291 0
1292 0
1293 0
1294 0
1295 0
1296 0
1297 0
1298 0
1299 0
1300 0
1301 0
1302 0
1303 0
1304 0
1305 0
1306 0
1307 0
1308 0
1309 0
1310 0
1311 0
1312 0
1313 0
1314 0
1315 0
1316 0
1317 0
1318 0
1319 0
1320 0
1321 0
1322 0
1323 0
1324 0
1325 0
1326 0
1327 0
1328 0
1329 0
1330 0
1331 0
1332 0
1333 0
1334 0
1335 0
1336 0
1337 0
1338 0
1339 0
1340 0
1341 0
1342 0
1343 0
1344 0
1345 0
1346 0
1347 0
1348 0
1349 0
1350 0
1351 0
1352 0
1353 0
1354 0
1355 0
1356 0
1357 0
1358 0
1359 0
1360 0
1361 0
1362 0
1363 0
1364 0
1365 0
1366 0
1367 0
1368 0
1369 0
1370 0
1371 0
1372 0
1373 0
1374 0
1375 0
1376 0
1377 0
1378 0
1379 0
1380 0
1381 0
1382 0
1383 0
1384 0
1385 0
1386 0
1387 0
1388 0
1389 0
1390 0
1391 0
1392 0
1393 0
1394 0
1395 0
1396 0
1397 0
1398 0
1399 0
1400 0
1401 0
1402 0
1403 0
1404 0
1405 0
1406 0
1407 0
1408 0
1409 0
1410 0
1411 0
1412 0
1413 0
1414 0
1415 0
1416 0
1417 0
1418 0
1419 0
1420 0
1421 0
1422 0
1423 0
1424 0
1425 0
1426 0
1427 0
1428 0
1429 0
1430 0
1431 0
1432 0
1433 0
1434 0
1435 0
1436 0
1437 0
1438 0
1439 0
1440 0
1441 0
1442 0
1443 0
1444 0
1445 0
1446 0
1447 0
1448 0
1449 0
1450 0
1451 0
1452 0
1453 0
1454 0
1455 0
1456 0
1457 0
1458 0
1459 0
1460 0
1461 0
1462 0
1463 0
1464 0
1465 0
1466 0
1467 0
1468 0
1469 0
1470 0
1471 0
1472 0
1473 0
1474 0
1475 0
1476 0
1477 0
1478 0
1479 0
1480 0
1481 0
1482 0
1483 0
1484 0
1485 0
1486 0
1487 0
1488 0
1489 0
1490 0
1491 0
1492 0
1493 0
1494 0
1495 0
1496 0
1497 0
1498 0
1499 0
1500 0
1501 0
1502 0
1503 0
1504 0
1505 0
1506 0
1507 0
1508 0
1509 0
1510 0
1511 0
1512 0
1513 0
1514 0
1515 0
1516 0
1517 0
1518 0
1519 0
1520 0
1521 0
1522 0
1523 0
1524 0
1525 0
1526 0
1527 0
1528 0
1529 0
1530 0
1531 0
1532 0
1533 0
1534 0
1535 0
1536 0
1537 0
1538 0
1539 0
1540 0
1541 0
1542 0
1543 0
1544 0
1545 0
1546 0
1547 0
1548 0
1549 0
1550 0
1551 0
1552 0
1553 0
1554 0
1555 0
1556 0
1557 0
1558 0
1559 0
1560 0
1561 0
1562 0
1563 0
1564 0
1565 0
1566 0
1567 0
1568 0
1569 0
1570 0
1571 0
1572 0
1573 0
1574 0
1575 0
1576 0
1577 0
1578 0
1579 0
1580 0
1581 0
1582 0
1583 0
1584 0
1585 0
1586 0
1587 0
1588 0
1589 0
1590 0
1591 0
1592 0
1593 0
1594 0
1595 0
1596 0
1597 0
1598 0
1599 0
1600 0
1601 0
1602 0
1603 0
1604 0
1605 0
1606 0
1607 0
1608 0
1609 0
1610 0
1611 2
1612 0
1613 0
1614 0
1615 0
1616 0
1617 0
1618 0
1619 0
1620 0
1621 0
1622 0
1623 0
1624 0
1625 0
1626 0
1627 0
1628 2
1629 0
1630 0
1631 0
1632 0
1633 0
1634 0
1635 0
1636 0
1637 0
1638 0
1639 0
1640 0
1641 0
1642 0
1643 0
1644 0
1645 0
1646 0
1647 0
1648 0
1649 0
1650 0
1651 0
1652 0
1653 0
1654 0
1655 2
1656 0
1657 0
1658 0
1659 0
1660 0
1661 0
1662 0
1663 0
1664 0
1665 0
1666 0
1667 0
1668 0
1669 0
1670 0
1671 0
1672 2
1673 0
1674 0
1675 0
1676 0
1677 2
1678 0
1679 0
1680 0
1681 0
1682 0
1683 0
1684 0
1685 4
1686 0
1687 0
1688 0
1689 0
1690 0
1691 0
1692 0
1693 0
1694 2
1695 0
1696 0
1697 0
1698 2
1699 0
1700 0
1701 0
1702 4
1703 0
1704 0
1705 0
1706 0
1707 0
1708 0
1709 0
1710 0
1711 0
1712 2
1713 2
1714 2
1715 4
1716 2
1717 0
1718 0
1719 0
1720 0
1721 2
1722 2
1723 4
1724 0
1725 0
1726 2
1727 0
1728 0
1729 2
1730 2
1731 2
1732 2
1733 2
1734 2
1735 0
1736 0
1737 8
1738 4
1739 0
1740 10
1741 0
1742 6
1743 0
1744 0
1745 4
1746 2
1747 2
1748 4
1749 2
1750 4
1751 2
1752 0
1753 4
1754 2
1755 2
1756 2
1757 6
1758 0
1759 8
1760 4
1761 2
1762 8
1763 2
1764 2
1765 6
1766 6
1767 8
1768 2
1769 0
1770 6
1771 0
1772 6
1773 2
1774 0
1775 0
1776 8
1777 2
1778 6
1779 0
1780 2
1781 16
1782 4
1783 2
1784 10
1785 0
1786 8
1787 4
1788 2
1789 18
1790 4
1791 4
1792 8
1793 4
1794 8
1795 10
1796 8
1797 8
1798 10
1799 2
1800 8
1801 8
1802 2
1803 16
1804 8
1805 0
1806 24
1807 6
1808 12
1809 14
1810 16
1811 34
1812 14
1813 8
1814 20
1815 4
1816 14
1817 4
1818 2
1819 10
1820 10
1821 6
1822 14
1823 6
1824 20
1825 8
1826 12
1827 20
1828 24
1829 12
1830 8
1831 20
1832 12
1833 14
1834 12
1835 14
1836 26
1837 8
1838 12
1839 26
1840 20
1841 38
1842 20
1843 6
1844 16
1845 10
1846 26
1847 20
1848 14
1849 30
1850 32
1851 20
1852 54
1853 16
1854 34
1855 26
1856 20
1857 30
1858 28
1859 26
1860 24
1861 22
1862 14
1863 46
1864 38
1865 28
1866 38
1867 32
1868 46
1869 42
1870 30
1871 68
1872 54
1873 38
1874 70
1875 36
1876 68
1877 56
1878 32
1879 68
1880 44
1881 52
1882 52
1883 40
1884 62
1885 64
1886 36
1887 44
1888 60
1889 40
1890 66
1891 52
1892 48
1893 64
1894 74
1895 56
1896 94
1897 48
1898 62
1899 60
1900 60
1901 82
1902 70
1903 60
1904 74
1905 70
1906 58
1907 94
1908 58
1909 84
1910 88
1911 84
1912 112
1913 90
1914 80
1915 110
1916 78
1917 62
1918 124
1919 54
1920 150
1921 126
1922 116
1923 164
1924 94
1925 118
1926 120
1927 84
1928 96
1929 110
1930 102
1931 112
1932 124
1933 122
1934 94
1935 154
1936 100
1937 168
1938 176
1939 164
1940 224
1941 112
1942 142
1943 122
1944 136
1945 194
1946 156
1947 200
1948 192
1949 136
1950 180
1951 154
1952 142
1953 190
1954 114
1955 210
1956 200
1957 168
1958 196
1959 168
1960 170
1961 166
1962 232
1963 172
1964 266
1965 222
1966 224
1967 242
1968 244
1969 224
1970 232
1971 172
1972 250
1973 242
1974 222
1975 332
1976 240
1977 230
1978 334
1979 318
1980 248
1981 344
1982 322
1983 378
1984 340
1985 326
1986 366
1987 286
1988 344
1989 402
1990 364
1991 384
1992 412
1993 382
1994 458
1995 374
1996 384
1997 476
1998 420
1999 444
2000 458
2001 428
2002 482
2003 470
2004 446
2005 536
2006 502
2007 506
2008 524
2009 528
2010 598
2011 462
2012 498
2013 564
2014 594
2015 598
2016 518
2017 550
2018 604
2019 654
2020 560
2021 548
2022 658
2023 598
2024 574
2025 630
2026 656
2027 696
2028 614
2029 572
2030 660
2031 688
2032 732
2033 638
2034 728
2035 824
2036 748
2037 798
2038 810
2039 852
2040 798
2041 766
2042 794
2043 844
2044 922
2045 882
2046 868
2047 854
2048 906
2049 1058
2050 964
2051 1010
2052 1108
2053 990
2054 1032
2055 996
2056 1016
2057 1158
2058 1002
2059 1018
2060 1094
2061 1082
2062 1124
2063 1262
2064 1180
2065 1352
2066 1312
2067 1232
2068 1246
2069 1310
2070 1338
2071 1352
2072 1448
2073 1550
2074 1474
2075 1416
2076 1512
2077 1468
2078 1612
2079 1428
2080 1414
2081 1686
2082 1552
2083 1672
2084 1566
2085 1554
2086 1626
2087 1662
2088 1782
2089 1874
2090 1934
2091 1826
2092 1774
2093 1936
2094 1884
2095 1898
2096 1838
2097 1748
2098 2130
2099 2010
2100 2032
2101 2122
2102 2002
2103 2132
2104 2068
2105 2008
2106 2160
2107 2360
2108 2296
2109 2366
2110 2348
2111 2590
2112 2748
2113 2588
2114 2624
2115 2586
2116 2628
2117 2746
2118 2826
2119 3010
2120 3096
2121 2970
2122 3230
2123 3042
2124 3164
2125 3134
2126 3060
2127 3070
2128 3266
2129 3400
2130 3248
2131 3408
2132 3282
2133 3702
2134 3584
2135 3588
2136 3860
2137 3632
2138 3848
2139 3978
2140 3934
2141 3930
2142 3770
2143 3898
2144 4200
2145 4156
2146 4210
2147 4400
2148 4366
2149 4628
2150 4466
2151 4398
2152 4700
2153 4758
2154 4858
2155 4678
2156 4972
2157 5006
2158 4916
2159 4952
2160 5016
2161 5202
2162 5142
2163 5706
2164 5826
2165 5518
2166 5780
2167 5736
2168 5744
2169 5820
2170 5602
2171 5800
2172 6000
2173 5810
2174 6208
2175 6224
2176 5978
2177 6140
2178 6308
2179 6706
2180 7000
2181 6620
2182 6960
2183 6912
2184 7010
2185 6962
2186 7058
2187 7310
2188 7626
2189 7286
2190 7360
2191 7640
2192 7788
2193 8152
2194 7914
2195 8072
2196 8182
2197 8374
2198 8312
2199 8762
2200 8890
2201 8740
2202 8850
2203 8934
2204 9312
2205 9476
2206 9228
2207 9490
2208 9480
2209 9972
2210 9590
2211 9176
2212 9854
2213 10362
2214 9956
2215 10388
2216 10188
2217 10432
2218 10918
2219 10468
2220 10944
2221 10928
2222 11048
2223 11606
2224 11890
2225 11818
2226 12064
2227 11844
2228 11762
2229 11962
2230 12236
2231 12286
2232 12500
2233 13082
2234 13494
2235 13806
2236 13610
2237 13980
2238 14330
2239 14440
2240 14764
2241 14580
2242 14900
2243 15470
2244 15762
2245 15874
2246 16072
2247 15940
2248 16236
2249 16130
2250 16532
2251 16948
2252 16786
2253 17404
2254 17232
2255 17638
2256 17906
2257 17396
2258 18366
2259 18636
2260 18414
2261 18750
2262 18958
2263 19542
2264 19948
2265 19692
2266 19792
2267 20250
2268 21008
2269 20536
2270 20608
2271 21248
2272 21572
2273 21968
2274 21670
2275 22404
2276 22456
2277 23102
2278 23618
2279 23744
2280 23832
2281 24674
2282 24372
2283 24104
2284 24998
2285 24952
2286 25866
2287 26130
2288 26440
2289 27360
2290 27070
2291 26638
2292 26886
2293 27734
2294 28038
2295 27620
2296 27816
2297 28436
2298 28834
2299 28652
2300 28842
2301 28878
2302 30334
2303 30732
2304 30352
2305 31416
2306 31884
2307 32316
2308 32436
2309 32754
2310 33722
2311 33502
2312 33472
2313 33790
2314 35908
2315 35436
2316 35502
2317 36234
2318 37294
2319 38060
2320 37534
2321 37840
2322 38416
2323 38332
2324 39020
2325 38576
2326 39598
2327 41092
2328 41054
2329 41242
2330 41748
2331 41890
2332 42406
2333 42724
2334 43350
2335 44836
2336 43846
2337 44506
2338 44216
2339 45790
2340 46158
2341 45560
2342 46112
2343 47022
2344 47848
2345 46536
2346 47862
2347 48936
2348 49884
2349 50956
2350 51668
2351 51962
2352 53112
2353 53094
2354 53084
2355 54734
2356 54262
2357 55468
2358 55090
2359 56856
2360 58076
2361 57952
2362 58744
2363 59342
2364 59672
2365 60570
2366 60566
2367 61180
2368 62944
2369 62910
2370 64584
2371 63708
2372 65206
2373 65582
2374 66044
2375 66604
2376 67182
2377 67866
2378 68550
2379 69972
2380 69480
2381 70980
2382 71694
2383 72670
2384 73310
2385 74472
2386 75164
2387 76920
2388 76648
2389 76878
2390 79486
2391 79534
2392 80882
2393 82136
2394 82822
2395 82858
2396 83722
2397 84060
2398 85734
2399 87166
2400 87330
2401 88436
2402 89744
2403 92104
2404 92164
2405 91482
2406 92874
2407 94440
2408 94780
2409 95578
2410 95726
2411 97188
2412 98480
2413 99180
2414 100114
2415 101452
2416 103070
2417 103594
2418 104192
2419 103888
2420 106598
2421 107624
2422 108016
2423 109550
2424 111172
2425 111252
2426 111264
2427 111672
2428 115074
2429 115834
2430 115396
2431 118534
2432 118474
2433 121056
2434 122662
2435 122620
2436 125762
2437 125680
2438 126312
2439 128620
2440 129622
2441 132478
2442 133764
2443 133878
2444 137304
2445 137240
2446 136996
2447 139324
2448 139336
2449 141694
2450 141886
2451 142194
2452 143694
2453 145448
2454 148894
2455 147698
2456 149372
2457 150158
2458 152328
2459 153176
2460 153332
2461 154914
2462 156524
2463 157766
2464 160600
2465 162848
2466 164682
2467 165544
2468 165636
2469 167610
2470 168628
2471 170002
2472 171868
2473 172560
2474 176476
2475 178060
2476 178240
2477 181358
2478 180904
2479 184368
2480 184584
2481 187378
2482 189756
2483 191070
2484 193804
2485 195978
2486 197756
2487 199084
2488 199510
2489 200936
2490 202138
2491 203168
2492 204392
2493 206486
2494 209698
2495 210750
2496 214486
2497 215348
2498 217034
2499 219492
2500 220620
2501 224180
2502 227066
2503 226428
2504 230372
2505 233944
2506 232506
2507 236122
2508 238748
2509 240800
2510 242408
2511 242824
2512 245822
2513 249890
2514 251020
2515 255416
2516 258328
2517 262794
2518 265476
2519 264532
2520 269820
2521 272894
2522 275262
2523 274982
2524 277662
2525 280674
2526 283422
2527 285224
2528 286704
2529 291460
2530 292772
2531 293924
2532 295436
2533 299502
2534 300604
2535 304748
2536 306980
2537 308126
2538 312032
2539 316528
2540 316690
2541 318058
2542 322266
2543 324792
2544 324032
2545 328654
2546 332210
2547 337110
2548 341652
2549 341734
2550 343274
2551 348014
2552 348376
2553 352740
2554 357374
2555 360714
2556 365308
2557 366106
2558 369094
2559 374942
2560 375278
2561 377606
2562 379282
2563 385202
2564 387824
2565 391586
2566 394106
2567 397570
2568 402770
2569 404994
2570 409262
2571 413442
2572 415034
2573 417026
2574 415456
2575 420144
2576 428072
2577 430142
2578 435234
2579 438406
2580 441006
2581 448060
2582 445058
2583 450454
2584 454046
2585 457268
2586 460536
2587 459884
2588 466120
2589 475400
2590 477092
2591 480082
2592 484570
2593 489032
2594 492774
2595 494856
2596 503826
2597 505352
2598 510136
2599 512762
2600 517850
2601 521990
2602 524774
2603 529104
2604 529174
2605 535410
2606 539946
2607 542640
2608 547394
2609 553852
2610 556854
2611 564032
2612 564278
2613 568836
2614 574994
2615 577060
2616 582738
2617 584600
2618 587028
2619 595516
2620 600576
2621 604544
2622 612066
2623 613190
2624 616566
2625 621772
2626 622124
2627 633254
2628 637528
2629 641224
2630 650808
2631 658460
2632 659670
2633 665396
2634 672964
2635 679898
2636 684738
2637 687642
2638 691778
2639 700398
2640 702064
2641 706420
2642 712576
2643 718908
2644 728618
2645 730232
2646 735748
2647 744720
2648 745198
2649 753368
2650 760390
2651 766354
2652 775930
2653 778354
2654 781408
2655 789204
2656 792264
2657 800496
2658 803318
2659 808998
2660 817628
2661 820954
2662 828570
2663 831984
2664 839430
2665 844998
2666 849126
2667 852240
2668 862888
2669 867724
2670 879584
2671 884444
2672 893304
2673 901350
2674 908662
2675 915582
2676 920170
2677 931396
2678 936970
2679 945220
2680 946646
2681 951110
2682 963710
2683 969478
2684 973258
2685 985094
2686 985486
2687 993024
2688 1000490
2689 1002092
2690 1017878
2691 1026118
2692 1027830
2693 1038984
2694 1049626
2695 1057478
2696 1061858
2697 1068704
2698 1076468
2699 1081720
2700 1085786
2701 1093290
2702 1105482
2703 1119678
2704 1124674
2705 1127168
2706 1139306
2707 1150120
2708 1158168
2709 1161578
2710 1174986
2711 1185260
2712 1191356
2713 1197874
2714 1205522
2715 1217554
2716 1226560
2717 1229932
2718 1237530
2719 1249122
2720 1259956
2721 1265428
2722 1272112
2723 1281418
2724 1289574
2725 1299540
2726 1308746
2727 1316060
2728 1326536
2729 1331918
2730 1333754
2731 1346610
2732 1351746
2733 1363038
2734 1371440
2735 1379090
2736 1391780
2737 1396542
2738 1403440
2739 1410490
2740 1424426
2741 1435602
2742 1448452
2743 1459608
2744 1466720
2745 1479306
2746 1487506
2747 1494564
2748 1507208
2749 1516006
2750 1531182
2751 1540368
2752 1545202
2753 1559996
2754 1573834
2755 1577492
2756 1596284
2757 1604346
2758 1621144
2759 1630674
2760 1629352
2761 1648468
2762 1659086
2763 1668040
2764 1678898
2765 1692250
2766 1704256
2767 1710158
2768 1714622
2769 1729204
2770 1750686
2771 1761284
2772 1768110
2773 1775076
2774 1790516
2775 1803922
2776 1819668
2777 1826068
2778 1835570
2779 1846762
2780 1858788
2781 1870668
2782 1884050
2783 1902444
2784 1918700
2785 1931338
2786 1941952
2787 1954814
2788 1971102
2789 1987680
2790 2001264
2791 2009482
2792 2028016
2793 2034756
2794 2046214
2795 2054366
2796 2064472
2797 2080598
2798 2092456
2799 2106244
2800 2124340
2801 2136316
2802 2151358
2803 2159878
2804 2174320
2805 2192960
2806 2203166
2807 2216708
2808 2235918
2809 2251360
2810 2253332
2811 2264072
2812 2285940
2813 2298272
2814 2310038
2815 2323644
2816 2347458
2817 2361128
2818 2368066
2819 2386358
2820 2403738
2821 2419066
2822 2436852
2823 2446490
2824 2472462
2825 2498318
2826 2499442
2827 2512286
2828 2532202
2829 2541600
2830 2562550
2831 2576960
2832 2602598
2833 2624648
2834 2637180
2835 2641170
2836 2649898
2837 2673328
2838 2693648
2839 2709204
2840 2720932
2841 2730042
2842 2751232
2843 2764114
2844 2772610
2845 2794884
2846 2814696
2847 2826088
2848 2841138
2849 2857884
2850 2880240
2851 2895000
2852 2901962
2853 2923488
2854 2945394
2855 2957262
2856 2980932
2857 3000834
2858 3015348
2859 3030798
2860 3041266
2861 3052510
2862 3079840
2863 3105746
2864 3117498
2865 3138202
2866 3158866
2867 3168194
2868 3196868
2869 3207850
2870 3229784
2871 3250230
2872 3265764
2873 3291814
2874 3306576
2875 3323564
2876 3348374
2877 3368624
2878 3382152
2879 3396608
2880 3419334
2881 3440008
2882 3456204
2883 3472850
2884 3500910
2885 3512730
2886 3519238
2887 3547006
2888 3578158
2889 3593328
2890 3611584
2891 3632138
2892 3652334
2893 3676862
2894 3694488
2895 3715610
2896 3753658
2897 3773264
2898 3799180
2899 3819382
2900 3851058
2901 3859512
2902 3867802
2903 3895454
2904 3917414
2905 3942260
2906 3977068
2907 3995846
2908 4012190
2909 4036426
2910 4058254
2911 4083660
2912 4102862
2913 4141208
2914 4169494
2915 4186880
2916 4207398
2917 4217766
2918 4242300
2919 4278162
2920 4295628
2921 4306174
2922 4339134
2923 4357606
2924 4371452
2925 4393660
2926 4423286
2927 4449658
2928 4478080
2929 4499940
2930 4518106
2931 4564834
2932 4573314
2933 4589530
2934 4613218
2935 4640022
2936 4664180
2937 4700160
2938 4725790
2939 4766464
2940 4791064
2941 4801472
2942 4830456
2943 4859446
2944 4893200
2945 4924114
2946 4951994
2947 4981556
2948 5015742
2949 5028208
2950 5061558
2951 5082456
2952 5101972
2953 5126800
2954 5152756
2955 5172928
2956 5206490
2957 5249936
2958 5261592
2959 5289188
2960 5328186
2961 5359296
2962 5383598
2963 5405504
2964 5425594
2965 5456068
2966 5467686
2967 5488042
2968 5531602
2969 5561852
2970 5602952
2971 5632062
2972 5645888
2973 5678032
2974 5698888
2975 5727542
2976 5757008
2977 5804890
2978 5843860
2979 5871872
2980 5911692
2981 5925986
2982 5961824
2983 5981780
2984 6007880
2985 6048504
2986 6064626
2987 6100976
2988 6143306
2989 6172166
2990 6202058
2991 6233056
2992 6263152
2993 6297024
2994 6324178
2995 6353918
2996 6362168
2997 6397176
2998 6424748
2999 6459952
3000 6488776
3001 6510760
3002 6560044
3003 6590430
3004 6609902
3005 6652314
3006 6669766
3007 6724942
3008 6742980
3009 6766342
3010 6817944
3011 6868974
3012 6893356
3013 6929066
3014 6954430
3015 6978310
3016 6996290
3017 7019784
3018 7067058
3019 7122182
3020 7168816
3021 7208260
3022 7240554
3023 7275778
3024 7332284
3025 7366588
3026 7395056
3027 7445626
3028 7477780
3029 7508802
3030 7539090
3031 7576544
3032 7612740
3033 7640508
3034 7676642
3035 7697724
3036 7742674
3037 7779108
3038 7801520
3039 7832288
3040 7877688
3041 7919570
3042 7966014
3043 8015152
3044 8052316
3045 8105246
3046 8127234
3047 8133842
3048 8168254
3049 8205424
3050 8254330
3051 8301920
3052 8342732
3053 8394280
3054 8446548
3055 8462322
3056 8508346
3057 8552762
3058 8587618
3059 8630552
3060 8676960
3061 8734748
3062 8799926
3063 8815436
3064 8840308
3065 8903602
3066 8939038
3067 8949442
3068 9009200
3069 9059722
3070 9099326
3071 9139788
3072 9162858
3073 9218068
3074 9282266
3075 9321510
3076 9365346
3077 9397898
3078 9425878
3079 9470710
3080 9474602
3081 9521918
3082 9581708
3083 9641520
3084 9673920
3085 9716520
3086 9768198
3087 9812970
3088 9848238
3089 9873974
3090 9919138
3091 9984718
3092 10024594
3093 10064054
3094 10136866
3095 10195296
3096 10228602
3097 10250874
3098 10291880
3099 10355410
3100 10407946
3101 10446168
3102 10484094
3103 10560580
3104 10604378
3105 10669952
3106 10700014
3107 10749054
3108 10801302
3109 10820808
3110 10855596
3111 10913728
3112 10975938
3113 11001588
3114 11038144
3115 11077124
3116 11148988
3117 11205384
3118 11248304
3119 11288770
3120 11317138
3121 11347174
3122 11372192
3123 11411894
3124 11481968
3125 11560278
3126 11603294
3127 11617280
3128 11680114
3129 11711358
3130 11742282
3131 11789890
3132 11832540
3133 11920166
3134 11984124
3135 12046300
3136 12091868
3137 12146814
3138 12209426
3139 12245222
3140 12282738
3141 12350676
3142 12418086
3143 12454314
3144 12521390
3145 12577132
3146 12634264
3147 12678674
3148 12737574
3149 12787658
3150 12855356
3151 12903844
3152 12911878
3153 12973638
3154 13033798
3155 13078328
3156 13140310
3157 13205368
3158 13275686
3159 13322368
3160 13366004
3161 13392682
3162 13458112
3163 13491188
3164 13539450
3165 13599330
3166 13674758
3167 13736090
3168 13792354
3169 13825672
3170 13879168
3171 13928088
3172 13961732
3173 14055222
3174 14116018
3175 14192922
3176 14275456
3177 14329516
3178 14388522
3179 14450086
3180 14539728
3181 14589856
3182 14632420
3183 14697144
3184 14748992
3185 14813688
3186 14852452
3187 14912730
3188 15013720
3189 15045784
3190 15107414
3191 15183754
3192 15234292
3193 15268988
3194 15321508
3195 15355576
3196 15416234
3197 15495486
3198 15557448
3199 15631302
3200 15694332
3201 15739026
3202 15794424
3203 15785606
3204 15843330
3205 15939362
3206 15991244
3207 16060260
3208 16129416
3209 16192386
3210 16271860
3211 16329326
3212 16374920
3213 16451248
3214 16534392
3215 16597810
3216 16683264
3217 16770548
3218 16827232
3219 16890340
3220 16959666
3221 17004484
3222 17084394
3223 17178768
3224 17223146
3225 17296576
3226 17360334
3227 17408944
3228 17437674
3229 17546826
3230 17619606
3231 17721764
3232 17755646
3233 17810994
3234 17857518
3235 17865692
3236 17904638
3237 17962578
3238 18034682
3239 18111652
3240 18171862
3241 18228308
3242 18299482
3243 18348372
3244 18395678
3245 18440132
3246 18537238
3247 18606004
3248 18700508
3249 18763110
3250 18834718
3251 18894840
3252 18926554
3253 19014942
3254 19077354
3255 19158548
3256 19248500
3257 19320668
3258 19363992
3259 19440530
3260 19543160
3261 19645400
3262 19712482
3263 19780326
3264 19870630
3265 19952256
3266 19944456
3267 19997412
3268 20124986
3269 20165990
3270 20228106
3271 20316372
3272 20402150
3273 20494890
3274 20530416
3275 20566098
3276 20621856
3277 20659206
3278 20733048
3279 20799550
3280 20911688
3281 20983242
3282 21039228
3283 21103948
3284 21134010
3285 21224482
3286 21295180
3287 21385756
3288 21467644
3289 21555248
3290 21664886
3291 21743598
3292 21819010
3293 21890928
3294 21975852
3295 22076366
3296 22154076
3297 22230048
3298 22342758
3299 22440564
3300 22472490
3301 22548274
3302 22649542
3303 22746906
3304 22807342
3305 22898820
3306 22991560
3307 23060656
3308 23044304
3309 23101218
3310 23230350
3311 23324824
3312 23366918
3313 23453544
3314 23550774
3315 23610514
3316 23649540
3317 23696540
3318 23751802
3319 23836870
3320 23879652
3321 23947634
3322 24058218
3323 24116542
3324 24219076
3325 24271032
3326 24341246
3327 24436416
3328 24553982
3329 24605716
3330 24714730
3331 24836848
3332 24916488
3333 24994578
3334 25036516
3335 25147282
3336 25290068
3337 25362118
3338 25450130
3339 25534040
3340 25638148
3341 25739258
3342 25753736
3343 25892422
3344 25997272
3345 26110850
3346 26183972
3347 26241478
3348 26336116
3349 26367256
3350 26401114
3351 26464606
3352 26550380
3353 26659484
3354 26713598
3355 26753720
3356 26855886
3357 26920164
3358 26941702
3359 26980854
3360 27115224
3361 27190576
3362 27300154
3363 27375200
3364 27423474
3365 27521622
3366 27618566
3367 27690856
3368 27781496
3369 27884220
3370 28002316
3371 28080870
3372 28134592
3373 28226610
3374 28339412
3375 28453700
3376 28492026
3377 28624166
3378 28761606
3379 28877300
3380 28940376
3381 28978206
3382 29103920
3383 29180564
3384 29214612
3385 29329396
3386 29456860
3387 29548960
3388 29631448
3389 29615800
3390 29679048
3391 29771660
3392 29805644
3393 29862114
3394 29967628
3395 30042872
3396 30119034
3397 30183376
3398 30255260
3399 30383310
3400 30423862
3401 30508106
3402 30594388
3403 30701692
3404 30803524
3405 30867650
3406 30973210
3407 31058432
3408 31165604
3409 31262834
3410 31394728
3411 31548852
3412 31669950
3413 31755422
3414 31819200
3415 31908246
3416 32093218
3417 32150780
3418 32259294
3419 32378980
3420 32464192
3421 32537508
3422 32624956
3423 32681346
3424 32761436
3425 32891928
3426 32948986
3427 33046052
3428 33151086
3429 33279806
3430 33305544
3431 33344952
3432 33402548
3433 33514280
3434 33563352
3435 33605866
3436 33723772
3437 33788656
3438 33847782
3439 33897536
3440 33966348
3441 34105282
3442 34266596
3443 34329942
3444 34412576
3445 34560762
3446 34666030
3447 34709242
3448 34821946
3449 34919230
3450 35078326
3451 35232464
3452 35316102
3453 35481750
3454 35594026
3455 35627862
3456 35708360
3457 35818298
3458 35938922
3459 36051474
3460 36161962
3461 36275870
3462 36363056
3463 36411408
3464 36509900
3465 36523214
3466 36635208
3467 36804872
3468 36813228
3469 36883728
3470 36960326
3471 37011414
3472 37103374
3473 37111000
3474 37245122
3475 37360088
3476 37425722
3477 37523500
3478 37620846
3479 37728000
3480 37822898
3481 37865784
3482 37977336
3483 38154246
3484 38278208
3485 38382572
3486 38471406
3487 38561534
3488 38650694
3489 38718018
3490 38787060
3491 39005060
3492 39150836
3493 39236158
3494 39358396
3495 39452744
3496 39562422
3497 39629394
3498 39720450
3499 39799206
3500 39914196
3501 40005952
3502 40082736
3503 40120292
3504 40181850
3505 40285056
3506 40333534
3507 40326094
3508 40446234
3509 40580240
3510 40636332
3511 40674988
3512 40694380
3513 40821892
3514 40954260
3515 41002280
3516 41116386
3517 41317744
3518 41371668
3519 41419674
3520 41472916
3521 41563038
3522 41709130
3523 41801596
3524 41904638
3525 42115848
3526 42216084
3527 42298542
3528 42413148
3529 42430472
3530 42600848
3531 42674734
3532 42781282
3533 43016250
3534 43144620
3535 43225056
3536 43331692
3537 43364860
3538 43461544
3539 43573030
3540 43654740
3541 43734198
3542 43911084
3543 43960112
3544 44010034
3545 44092972
3546 44154868
3547 44308270
3548 44403844
3549 44383620
3550 44511338
3551 44637626
3552 44591314
3553 44709870
3554 44751418
3555 44881474
3556 45061384
3557 45086088
3558 45210936
3559 45412438
3560 45493524
3561 45509594
3562 45584980
3563 45727710
3564 45901120
3565 46043134
3566 46146948
3567 46351498
3568 46470038
3569 46511322
3570 46534552
3571 46621756
3572 46778054
3573 46908580
3574 46970416
3575 47105166
3576 47208944
3577 47350046
3578 47414290
3579 47480830
3580 47599660
3581 47756342
3582 47804722
3583 47829462
3584 47969468
3585 48026274
3586 48068394
3587 48110754
3588 48181628
3589 48343266
3590 48445360
3591 48432078
3592 48549140
3593 48648222
3594 48654440
3595 48732476
3596 48856412
3597 49045266
3598 49231306
3599 49268972
3600 49361658
3601 49516834
3602 49504224
3603 49617240
3604 49717298
3605 49828952
3606 50072486
3607 50169826
3608 50253288
3609 50426766
3610 50493644
3611 50623860
3612 50700950
3613 50756348
3614 50949504
3615 51057522
3616 51147900
3617 51197224
3618 51291112
3619 51353796
3620 51441542
3621 51436796
3622 51576152
3623 51702826
3624 51727194
3625 51735802
3626 51789400
3627 51858514
3628 51973308
3629 52092042
3630 52141562
3631 52339728
3632 52426792
3633 52396556
3634 52458708
3635 52541804
3636 52591904
3637 52668260
3638 52719332
3639 52923018
3640 53074642
3641 53154958
3642 53182468
3643 53280462
3644 53361354
3645 53549746
3646 53630386
3647 53813436
3648 54046174
3649 54121268
3650 54189138
3651 54290156
3652 54385790
3653 54558016
3654 54627276
3655 54635050
3656 54799106
3657 54896848
3658 54888662
3659 55031008
3660 55130956
3661 55224556
3662 55284056
3663 55286534
3664 55398490
3665 55508970
3666 55490300
3667 55558196
3668 55612492
3669 55737552
3670 55860066
3671 55957070
3672 56008928
3673 56233800
3674 56281610
3675 56219104
3676 56320134
3677 56416366
3678 56508828
3679 56768526
3680 56788336
3681 56899868
3682 57131574
3683 57160224
3684 57178840
3685 57276976
3686 57377246
3687 57602588
3688 57643474
3689 57753128
3690 58011606
3691 58119046
3692 58129936
3693 58253670
3694 58339532
3695 58457572
3696 58547400
3697 58517860
3698 58658238
3699 58735524
3700 58660764
3701 58827662
3702 58892252
3703 58965628
3704 59076124
3705 59029758
3706 59081714
3707 59160664
3708 59198190
3709 59281968
3710 59346770
3711 59445742
3712 59629380
3713 59763912
3714 59761650
3715 59945402
3716 59897442
3717 59924648
3718 60052720
3719 60126188
3720 60310672
3721 60516958
3722 60528020
3723 60764276
3724 60839372
3725 60875738
3726 60980148
3727 61052538
3728 61189448
3729 61387918
3730 61388856
3731 61359836
3732 61672116
3733 61660444
3734 61683056
3735 61738628
3736 61829502
3737 62001832
3738 62011878
3739 62005724
3740 62249134
3741 62216562
3742 62262944
3743 62371020
3744 62441422
3745 62542020
3746 62630562
3747 62559014
3748 62526178
3749 62620376
3750 62601214
3751 62750794
3752 62837076
3753 62945294
3754 63195580
3755 63245224
3756 63193200
3757 63315096
3758 63354030
3759 63498530
3760 63594786
3761 63616960
3762 63904328
3763 64006868
3764 63991374
3765 64079454
3766 64250378
3767 64252182
3768 64380056
3769 64401822
3770 64514046
3771 64736388
3772 64647250
3773 64709456
3774 64920120
3775 64838016
3776 64846672
3777 65011156
3778 65012688
3779 65128374
3780 65123900
3781 65090802
3782 65222290
3783 65296754
3784 65361448
3785 65565864
3786 65575862
3787 65643262
3788 65782098
3789 65634238
3790 65686920
3791 65832370
3792 65794738
3793 65892182
3794 66007630
3795 66127462
3796 66305374
3797 66293786
3798 66284678
3799 66432240
3800 66553704
3801 66632280
3802 66807324
3803 66952530
3804 67156918
3805 67287094
3806 67131974
3807 67315046
3808 67501884
3809 67497172
3810 67588602
3811 67493030
3812 67590504
3813 67768592
3814 67615210
3815 67696448
3816 67869012
3817 67838890
3818 67990304
3819 68014710
3820 68051262
3821 68161140
3822 68251756
3823 68037502
3824 68191648
3825 68209398
3826 68304114
3827 68493706
3828 68291944
3829 68420886
3830 68446928
3831 68333494
3832 68445202
3833 68584012
3834 68788378
3835 68958988
3836 68974256
3837 69033898
3838 69227730
3839 69248556
3840 69143040
3841 69375188
3842 69392226
3843 69480666
3844 69641852
3845 69597812
3846 69761956
3847 69846024
3848 69795548
3849 69976888
3850 70029372
3851 70232802
3852 70392762
3853 70260502
3854 70428058
3855 70485750
3856 70401114
3857 70302306
3858 70526812
3859 70512928
3860 70512280
3861 70469944
3862 70283466
3863 70547212
3864 70455042
3865 70317976
3866 70729924
3867 70718542
3868 70882166
3869 70933504
3870 70777632
3871 70926268
3872 70934228
3873 70831886
3874 70921378
3875 71138922
3876 71260914
3877 71343798
3878 71395766
3879 71346636
3880 71585844
3881 71619020
3882 71653974
3883 71929474
3884 71808468
3885 72088254
3886 72139776
3887 71972318
3888 72225548
3889 72281590
3890 72288628
3891 72325724
3892 72263954
3893 72298566
3894 72423208
3895 72274674
3896 72268916
3897 72476052
3898 72320404
3899 72410646
3900 72578918
3901 72371566
3902 72551754
3903 72386018
3904 72155606
3905 72361630
3906 72286938
3907 72267448
3908 72529322
3909 72473742
3910 72573512
3911 72635238
3912 72496994
3913 72589290
3914 72842464
3915 72820834
3916 72989926
3917 73237026
3918 73179718
3919 73430140
3920 73350788
3921 73428194
3922 73591726
3923 73586752
3924 73689158
3925 73814228
3926 73715240
3927 73921770
3928 73899994
3929 73765676
3930 73976414
3931 74095452
3932 74097806
3933 74173584
3934 74090232
3935 74080514
3936 74285500
3937 73895370
3938 73879278
3939 74175604
3940 73939084
3941 73954874
3942 74006812
3943 73781954
3944 73973168
3945 73838070
3946 73821926
3947 74018996
3948 74011350
3949 74052564
3950 74234998
3951 74161830
3952 74201470
3953 74376620
3954 74064140
3955 74295604
3956 74438156
3957 74429276
3958 74766774
3959 74733654
3960 74686720
3961 74998038
3962 74720912
3963 74923620
3964 75124830
3965 75011090
3966 75222628
3967 75259540
3968 75145514
3969 75237510
3970 75291038
3971 75089616
3972 75180454
3973 75194274
3974 75071834
3975 75138694
3976 74884082
3977 75073534
3978 75080026
3979 74738014
3980 74986510
3981 75033372
3982 74916636
3983 74879066
3984 74825714
3985 74734962
3986 74801628
3987 74704352
3988 74772792
3989 75101180
3990 75051688
3991 75070482
3992 75285970
3993 75034126
3994 75294272
3995 75365898
3996 75153616
3997 75501480
3998 75470814
3999 75509962
4000 75886084
4001 75672386
4002 75731298
4003 76012840
4004 75794270
4005 75808768
4006 76033802
4007 75892608
4008 76009010
4009 76061364
4010 75563318
4011 75926190
4012 75872192
4013 75540826
4014 75774500
4015 75646042
4016 75529004
4017 75530880
4018 75209702
4019 75365670
4020 75449802
4021 75171952
4022 75399978
4023 75470434
4024 75246506
4025 75319990
4026 75409748
4027 75149756
4028 75364748
4029 75203434
4030 75272256
4031 75633704
4032 75376252
4033 75518712
4034 75684860
4035 75440938
4036 75707280
4037 75812006
4038 75654734
4039 75911508
4040 76006696
4041 75906650
4042 76032658
4043 75928386
4044 75911172
4045 76239024
4046 75820282
4047 75907078
4048 76062938
4049 75887344
4050 75984766
4051 75876528
4052 75646010
4053 75923174
4054 75804334
4055 75495216
4056 75674588
4057 75712256
4058 75530104
4059 75520476
4060 75361516
4061 75375026
4062 75607172
4063 75294176
4064 75400778
4065 75425644
4066 75172470
4067 75353800
4068 75240206
4069 75108726
4070 75548246
4071 75454042
4072 75533104
4073 75720296
4074 75532802
4075 75735380
4076 75805112
4077 75389716
4078 75686810
4079 75787352
4080 75583882
4081 75850084
4082 75794236
4083 75773618
4084 75983588
4085 75563050
4086 75674052
4087 75848964
4088 75453952
4089 75693106
4090 75561366
4091 75289520
4092 75427292
4093 75221140
4094 75110826
4095 75331074
4096 75126452
4097 74969074
4098 75042418
4099 74767016
4100 74695016
4101 74796354
4102 74556562
4103 74851018
4104 75020362
4105 74654604
4106 74950426
4107 74795170
4108 74678030
4109 74692454
4110 74505674
4111 74563912
4112 74881442
4113 74785276
4114 74851556
4115 74939940
4116 74876678
4117 75029492
4118 75053470
4119 74694346
4120 75187434
4121 75178122
4122 74778504
4123 75182474
4124 74859076
4125 74909230
4126 75007564
4127 74530106
4128 74721492
4129 74796604
4130 74353888
4131 74596636
4132 74474180
4133 74159224
4134 74459108
4135 74338928
4136 73979622
4137 74384124
4138 74199602
4139 73963568
4140 74095120
4141 73511394
4142 73788138
4143 73869176
4144 73424486
4145 73727738
4146 73814532
4147 73470568
4148 73693642
4149 73520766
4150 73451232
4151 73730534
4152 73586562
4153 73550250
4154 73875480
4155 73526408
4156 73591436
4157 73676906
4158 73265558
4159 73502830
4160 73440364
4161 73223770
4162 73657754
4163 73398480
4164 73254894
4165 73532830
4166 73159818
4167 73174992
4168 73310692
4169 72927332
4170 72996900
4171 73029204
4172 72577394
4173 72677604
4174 72691630
4175 72287214
4176 72718470
4177 72544330
4178 72088326
4179 72486842
4180 72177338
4181 72074638
4182 72156976
4183 71795288
4184 72162924
4185 72254688
4186 71857614
4187 72176988
4188 72321706
4189 71843674
4190 71967274
4191 71836872
4192 71697040
4193 72048456
4194 71820920
4195 71895812
4196 72275058
4197 71740312
4198 71905946
4199 71870820
4200 71506616
4201 71819524
4202 71659332
4203 71244356
4204 71530542
4205 71240024
4206 71088230
4207 71371300
4208 71007244
4209 71083586
4210 71220326
4211 70774296
4212 70975440
4213 70813444
4214 70331920
4215 70713340
4216 70360228
4217 70224226
4218 70587950
4219 70241930
4220 70054564
4221 70168360
4222 69873888
4223 69860072
4224 69915262
4225 69692464
4226 70035868
4227 69927014
4228 69679586
4229 70117324
4230 70002272
4231 69657350
4232 70026030
4233 69668764
4234 69622816
4235 69856668
4236 69428176
4237 69562646
4238 69587228
4239 69173668
4240 69438676
4241 69283532
4242 69075992
4243 69426942
4244 69154114
4245 68787782
4246 69099522
4247 68729444
4248 68492628
4249 68963574
4250 68330948
4251 68415038
4252 68586334
4253 67985114
4254 68197810
4255 67953506
4256 67704776
4257 68239812
4258 67852984
4259 67747168
4260 68220758
4261 67812002
4262 67678488
4263 67880230
4264 67457910
4265 67597030
4266 67623454
4267 67194878
4268 67634930
4269 67460770
4270 66924972
4271 67432616
4272 67015396
4273 66854348
4274 67319734
4275 66844008
4276 66972844
4277 67159374
4278 66649774
4279 66801342
4280 66800168
4281 66198890
4282 66425394
4283 66216716
4284 65679570
4285 66091044
4286 65732414
4287 65331264
4288 65859120
4289 65428044
4290 65332332
4291 65696018
4292 65127294
4293 65367954
4294 65395818
4295 64712044
4296 64934642
4297 64831096
4298 64537958
4299 64881622
4300 64566116
4301 64506476
4302 64875280
4303 64470510
4304 64305958
4305 64573590
4306 64158592
4307 64503268
4308 64515690
4309 64059846
4310 64639012
4311 64296788
4312 63930632
4313 64368090
4314 63861540
4315 63660948
4316 64008242
4317 63387380
4318 63518174
4319 63630218
4320 63142866
4321 63409804
4322 63386066
4323 62935796
4324 63323342
4325 63109638
4326 62620004
4327 62973138
4328 62443754
4329 62156176
4330 62519208
4331 61952586
4332 62011202
4333 62157698
4334 61551560
4335 61857018
4336 61717302
4337 61308102
4338 61722318
4339 61549938
4340 61231628
4341 61700426
4342 61346680
4343 61267488
4344 61548196
4345 60947238
4346 61053274
4347 61110784
4348 60649564
4349 60984590
4350 60830944
4351 60457090
4352 60882150
4353 60481736
4354 60243962
4355 60698414
4356 60148866
4357 60288324
4358 60571470
4359 59819320
4360 60021530
4361 60039860
4362 59384922
4363 59589988
4364 59327120
4365 59007150
4366 59421746
4367 58881362
4368 58611658
4369 59212832
4370 58576550
4371 58503738
4372 58876358
4373 58344754
4374 58596542
4375 58565044
4376 57870348
4377 58252922
4378 57925986
4379 57553896
4380 58056720
4381 57626532
4382 57413598
4383 57990758
4384 57486532
4385 57333440
4386 57732466
4387 57282510
4388 57515768
4389 57495820
4390 57030840
4391 57636414
4392 57236684
4393 56797350
4394 57273924
4395 56625960
4396 56429346
4397 56712234
4398 56109810
4399 56239306
4400 56472584
4401 55767682
4402 56137956
4403 56115470
4404 55438468
4405 55932002
4406 55568718
4407 55103632
4408 55494604
4409 54770138
4410 54506960
4411 55041676
4412 54156656
4413 54190020
4414 54640280
4415 54046020
4416 54212944
4417 54264144
4418 53669206
4419 54021814
4420 53695782
4421 53352776
4422 54008132
4423 53540338
4424 53493586
4425 53981508
4426 53245714
4427 53312066
4428 53495064
4429 53084866
4430 53421710
4431 53192140
4432 52855102
4433 53315280
4434 52936538
4435 52571632
4436 53112808
4437 52578226
4438 52524958
4439 52754644
4440 52004182
4441 52195110
4442 52265922
4443 51573862
4444 51896706
4445 51728674
4446 51144602
4447 51652256
4448 51143020
4449 50861206
4450 51229040
4451 50574572
4452 50579738
4453 50794978
4454 50191258
4455 50417654
4456 50487108
4457 49850932
4458 50094216
4459 50045302
4460 49530742
4461 49910668
4462 49539282
4463 49500394
4464 50108694
4465 49379462
4466 49439516
4467 49839860
4468 49116214
4469 49249296
4470 49312060
4471 48900942
4472 49302676
4473 48994076
4474 48657636
4475 49076478
4476 48493280
4477 48221354
4478 48756390
4479 48062982
4480 48100570
4481 48308974
4482 47515892
4483 47879358
4484 47762826
4485 47137872
4486 47627150
4487 47207370
4488 46786332
4489 47019878
4490 46362334
4491 46223236
4492 46533960
4493 45806202
4494 46031404
4495 46407150
4496 45716044
4497 46257938
4498 46163828
4499 45621240
4500 46159946
4501 45727666
4502 45342154
4503 45974308
4504 45266452
4505 45366962
4506 45853842
4507 44992572
4508 45329062
4509 45543228
4510 44782342
4511 45170622
4512 45162240
4513 44639368
4514 45189142
4515 44814080
4516 44454162
4517 44953228
4518 44197224
4519 44103302
4520 44545966
4521 43622308
4522 43838200
4523 43830360
4524 43007312
4525 43366112
4526 43127896
4527 42630442
4528 43089886
4529 42755428
4530 42357670
4531 42797132
4532 42057330
4533 41958168
4534 42350292
4535 41578088
4536 41786616
4537 42078466
4538 41229780
4539 41802010
4540 41683168
4541 41145034
4542 41740398
4543 41433748
4544 41164428
4545 41677396
4546 40955856
4547 40973996
4548 41424992
4549 40593784
4550 40862142
4551 41085930
4552 40337478
4553 40898800
4554 40695688
4555 40090200
4556 40794284
4557 40173766
4558 39832866
4559 40314436
4560 39568520
4561 39603830
4562 39846540
4563 39085126
4564 39400530
4565 39290960
4566 38583476
4567 39046424
4568 38733856
4569 38240830
4570 38710972
4571 38234112
4572 38057158
4573 38460518
4574 37756442
4575 38023956
4576 38352288
4577 37665936
4578 37949104
4579 37980108
4580 37421056
4581 37710718
4582 37362656
4583 37067574
4584 37511328
4585 37144022
4586 37019268
4587 37487106
4588 36875116
4589 36985748
4590 37229674
4591 36435586
4592 36880624
4593 36801408
4594 36106618
4595 36693160
4596 36270182
4597 35859478
4598 36417572
4599 35681870
4600 35500856
4601 35869678
4602 35004574
4603 35065052
4604 35240016
4605 34517284
4606 34925206
4607 34853354
4608 34236042
4609 34948398
4610 34629162
4611 34266228
4612 34709708
4613 34006502
4614 34047388
4615 34239558
4616 33346942
4617 33814936
4618 33814738
4619 33282738
4620 33754918
4621 33598378
4622 33212576
4623 33688992
4624 33211196
4625 33044124
4626 33604922
4627 32800188
4628 33000270
4629 33426910
4630 32475822
4631 32845378
4632 32804892
4633 32206604
4634 32691950
4635 32250582
4636 31942664
4637 32460366
4638 31820338
4639 31583476
4640 32167944
4641 31445370
4642 31382698
4643 31767342
4644 30910696
4645 31236784
4646 31196202
4647 30365898
4648 30996752
4649 30755336
4650 30218182
4651 30790084
4652 30347082
4653 30218316
4654 30532690
4655 29949408
4656 30030352
4657 30249614
4658 29455852
4659 29891576
4660 29947246
4661 29085472
4662 29675012
4663 29401780
4664 28930712
4665 29664708
4666 28998820
4667 28964880
4668 29533058
4669 28662338
4670 28892304
4671 29138556
4672 28191342
4673 28558356
4674 28430346
4675 27741796
4676 28268404
4677 27898364
4678 27571168
4679 28196354
4680 27467282
4681 27372756
4682 27956108
4683 27070902
4684 27350862
4685 27527776
4686 26783312
4687 27294518
4688 27021958
4689 26550060
4690 27240992
4691 26702020
4692 26429360
4693 26971448
4694 26320400
4695 26185878
4696 26619256
4697 25921658
4698 26186288
4699 26442152
4700 25742090
4701 26332640
4702 26172418
4703 25577452
4704 26115104
4705 25704554
4706 25345974
4707 25792684
4708 25147534
4709 25268658
4710 25554374
4711 24822984
4712 25113102
4713 25244126
4714 24445766
4715 24788880
4716 24667912
4717 24017832
4718 24590934
4719 24071432
4720 23821150
4721 24424528
4722 23707654
4723 23864940
4724 24142426
4725 23319592
4726 23794742
4727 23734694
4728 22999784
4729 23519372
4730 23298834
4731 22713580
4732 23387774
4733 22959122
4734 22751522
4735 23380106
4736 22599004
4737 22701606
4738 23084966
4739 22202036
4740 22706964
4741 22794676
4742 22047444
4743 22667466
4744 22285266
4745 21924430
4746 22401156
4747 21894516
4748 21820382
4749 22183202
4750 21540694
4751 21605410
4752 21826642
4753 21079644
4754 21420304
4755 21344730
4756 20665334
4757 21312150
4758 20907498
4759 20468078
4760 21054786
4761 20437452
4762 20416174
4763 20825348
4764 20172968
4765 20423812
4766 20592136
4767 19892934
4768 20304604
4769 20212070
4770 19597732
4771 20149334
4772 19883924
4773 19313402
4774 20020922
4775 19492632
4776 19426988
4777 19945576
4778 19206584
4779 19591034
4780 19720048
4781 19089206
4782 19550764
4783 19469028
4784 18893574
4785 19259004
4786 18933382
4787 18431544
4788 18876226
4789 18296022
4790 18246102
4791 18761894
4792 17956440
4793 18201530
4794 18433442
4795 17749208
4796 18150206
4797 17933890
4798 17539346
4799 18009292
4800 17441034
4801 17230274
4802 17663706
4803 17040778
4804 17032856
4805 17362100
4806 16840350
4807 17005626
4808 17132632
4809 16546056
4810 17062830
4811 16868394
4812 16494960
4813 17111486
4814 16650930
4815 16580896
4816 17011874
4817 16399264
4818 16585360
4819 16674430
4820 16101030
4821 16458740
4822 16386304
4823 15900370
4824 16379552
4825 16238398
4826 15820580
4827 16233222
4828 15777614
4829 15606354
4830 15962628
4831 15260372
4832 15489102
4833 15674456
4834 14954100
4835 15333070
4836 15236682
4837 14808468
4838 15136402
4839 14890136
4840 14654846
4841 14965472
4842 14568398
4843 14374636
4844 14733294
4845 14118254
4846 14321614
4847 14549660
4848 13926150
4849 14347184
4850 14201054
4851 13710912
4852 14308752
4853 13886266
4854 13774758
4855 14272316
4856 13771734
4857 13798082
4858 14082138
4859 13509558
4860 13768664
4861 13779572
4862 13206772
4863 13708420
4864 13481402
4865 12958462
4866 13591472
4867 13133734
4868 12823434
4869 13334966
4870 12672814
4871 12817496
4872 13053342
4873 12415346
4874 12839692
4875 12827156
4876 12280884
4877 12707748
4878 12512242
4879 12121916
4880 12486940
4881 12117898
4882 11843180
4883 12304846
4884 11738546
4885 11751584
4886 12119174
4887 11523366
4888 11929986
4889 11935926
4890 11509892
4891 11962350
4892 11703616
4893 11427704
4894 11884840
4895 11490324
4896 11423216
4897 11783888
4898 11225908
4899 11258622
4900 11477242
4901 10805404
4902 11087282
4903 11172280
4904 10606690
4905 11212368
4906 10952862
4907 10647378
4908 11208152
4909 10706512
4910 10607264
4911 10955882
4912 10313626
4913 10394150
4914 10563600
4915 9971832
4916 10239864
4917 10282860
4918 9722574
4919 10174630
4920 9976568
4921 9690170
4922 10138146
4923 9717724
4924 9635650
4925 9994156
4926 9506172
4927 9691328
4928 9879908
4929 9366302
4930 9719370
4931 9618730
4932 9284374
4933 9577108
4934 9313290
4935 9127776
4936 9460134
4937 9109110
4938 9067472
4939 9423442
4940 8868986
4941 9104830
4942 9183124
4943 8602162
4944 9050194
4945 8913190
4946 8595816
4947 9004872
4948 8690780
4949 8537312
4950 8857596
4951 8463620
4952 8464638
4953 8665292
4954 8152086
4955 8347116
4956 8389348
4957 7920630
4958 8268214
4959 8165298
4960 7833478
4961 8253420
4962 7926646
4963 7852308
4964 8168876
4965 7731644
4966 7875854
4967 8013028
4968 7656338
4969 7857978
4970 7870342
4971 7485980
4972 7785106
4973 7603290
4974 7236710
4975 7672518
4976 7324280
4977 7232578
4978 7585856
4979 7155716
4980 7297372
4981 7409594
4982 7002692
4983 7286624
4984 7207512
4985 6827014
4986 7220808
4987 6960642
4988 6746514
4989 7088920
4990 6717138
4991 6646348
4992 6882664
4993 6419136
4994 6565996
4995 6665408
4996 6172484
4997 6592576
4998 6474762
4999 6161312
5000 6629646
5001 6336978
5002 6272732
5003 6566882
5004 6169770
5005 6203612
5006 6421490
5007 5960198
5008 6114074
5009 6254050
5010 5801382
5011 6106066
5012 6079036
5013 5757312
5014 6117572
5015 5844590
5016 5716024
5017 6119738
5018 5753844
5019 5796622
5020 6054336
5021 5693660
5022 5797456
5023 5798450
5024 5464962
5025 5662568
5026 5506886
5027 5192140
5028 5529770
5029 5255832
5030 5098780
5031 5491036
5032 5069722
5033 5180224
5034 5369250
5035 4935900
5036 5243914
5037 5185504
5038 4831166
5039 5198560
5040 5018764
5041 4755008
5042 5081014
5043 4832028
5044 4711310
5045 4990580
5046 4611100
5047 4694108
5048 4897752
5049 4471696
5050 4739712
5051 4818158
5052 4517464
5053 4797290
5054 4658720
5055 4508352
5056 4729336
5057 4460406
5058 4456014
5059 4657336
5060 4364140
5061 4442742
5062 4559956
5063 4223068
5064 4366516
5065 4316588
5066 4015738
5067 4287556
5068 4088490
5069 3938398
5070 4259442
5071 3926520
5072 3958588
5073 4204434
5074 3852028
5075 3989306
5076 4039790
5077 3748508
5078 3973870
5079 3893260
5080 3624476
5081 3923058
5082 3760280
5083 3570652
5084 3868420
5085 3607844
5086 3585244
5087 3807834
5088 3492224
5089 3673820
5090 3751384
5091 3497820
5092 3793142
5093 3669512
5094 3534418
5095 3760018
5096 3495154
5097 3438288
5098 3594894
5099 3266146
5100 3292470
5101 3474840
5102 3160328
5103 3336912
5104 3379482
5105 3038296
5106 3329512
5107 3159690
5108 2955384
5109 3260972
5110 3016858
5111 2978460
5112 3183246
5113 2902582
5114 2969824
5115 3094866
5116 2784906
5117 2917042
5118 2930884
5119 2659376
5120 2869028
5121 2776782
5122 2622854
5123 2891506
5124 2721800
5125 2709024
5126 2910774
5127 2650134
5128 2794298
5129 2858970
5130 2602372
5131 2808830
5132 2763218
5133 2588166
5134 2795248
5135 2634096
5136 2484934
5137 2700834
5138 2422354
5139 2353984
5140 2606320
5141 2294740
5142 2400902
5143 2536390
5144 2292652
5145 2524354
5146 2488438
5147 2242304
5148 2499412
5149 2339374
5150 2164700
5151 2382334
5152 2156630
5153 2106014
5154 2235314
5155 2016758
5156 2089216
5157 2178516
5158 1966788
5159 2144704
5160 2126640
5161 1960748
5162 2195122
5163 2073558
5164 2051482
5165 2220228
5166 2005436
5167 2090288
5168 2125878
5169 1871840
5170 1987860
5171 1998186
5172 1763794
5173 1938434
5174 1915514
5175 1781552
5176 1966646
5177 1824534
5178 1780164
5179 1944368
5180 1699808
5181 1730900
5182 1877762
5183 1626496
5184 1751184
5185 1756026
5186 1596534
5187 1758614
5188 1647546
5189 1526048
5190 1677682
5191 1542286
5192 1456038
5193 1614168
5194 1444700
5195 1487920
5196 1588850
5197 1422698
5198 1586820
5199 1561548
5200 1432268
5201 1614548
5202 1493186
5203 1413060
5204 1562354
5205 1416562
5206 1407194
5207 1523304
5208 1335328
5209 1400014
5210 1421092
5211 1230176
5212 1363076
5213 1362400
5214 1212676
5215 1378152
5216 1306124
5217 1248342
5218 1411198
5219 1221064
5220 1264602
5221 1351612
5222 1127852
5223 1211038
5224 1238036
5225 1053118
5226 1165754
5227 1121782
5228 1002660
5229 1166402
5230 1050712
5231 1008344
5232 1180272
5233 1000652
5234 1027956
5235 1155576
5236 956080
5237 1075464
5238 1107430
5239 952174
5240 1115500
5241 1033010
5242 934504
5243 1081080
5244 955102
5245 897492
5246 1014306
5247 892018
5248 887970
5249 975064
5250 823326
5251 918174
5252 929856
5253 806094
5254 965132
5255 901558
5256 820762
5257 958506
5258 840370
5259 807872
5260 912776
5261 739768
5262 766792
5263 830570
5264 668558
5265 740550
5266 767094
5267 624692
5268 767232
5269 716486
5270 635298
5271 810432
5272 690374
5273 680500
5274 826796
5275 665540
5276 701138
5277 780560
5278 615032
5279 688948
5280 698052
5281 557454
5282 659018
5283 613702
5284 545520
5285 664986
5286 590900
5287 602128
5288 695992
5289 583694
5290 625334
5291 673744
5292 533298
5293 611612
5294 596420
5295 497728
5296 598906
5297 535748
5298 489204
5299 570172
5300 477788
5301 462898
5302 541802
5303 416750
5304 462884
5305 516976
5306 405376
5307 491938
5308 493300
5309 417058
5310 515048
5311 460898
5312 403730
5313 501616
5314 404752
5315 400374
5316 468354
5317 373402
5318 417822
5319 448022
5320 354960
5321 423644
5322 409974
5323 335252
5324 420954
5325 378676
5326 356690
5327 447088
5328 370896
5329 411720
5330 457998
5331 361448
5332 399732
5333 414776
5334 298938
5335 344566
5336 326324
5337 262106
5338 339646
5339 294198
5340 297554
5341 360926
5342 284932
5343 305694
5344 355226
5345 257538
5346 304030
5347 319508
5348 244934
5349 319122
5350 283584
5351 250882
5352 315206
5353 250082
5354 231274
5355 283270
5356 204844
5357 229424
5358 273526
5359 200032
5360 285712
5361 277532
5362 213802
5363 308664
5364 259298
5365 209012
5366 271304
5367 221490
5368 199912
5369 255410
5370 193620
5371 218504
5372 252150
5373 179498
5374 215984
5375 213856
5376 146478
5377 190320
5378 178638
5379 139862
5380 206180
5381 174408
5382 176466
5383 225968
5384 166248
5385 184272
5386 206460
5387 133238
5388 162024
5389 159322
5390 111350
5391 170394
5392 139774
5393 118144
5394 190254
5395 134364
5396 132708
5397 189494
5398 121640
5399 149002
5400 184754
5401 114864
5402 177072
5403 171428
5404 112408
5405 175684
5406 139296
5407 101868
5408 138952
5409 106960
5410 94168
5411 131580
5412 92628
5413 112476
5414 142832
5415 93120
5416 129392
5417 125548
5418 87964
5419 115628
5420 102904
5421 77404
5422 105564
5423 86388
5424 79028
5425 107372
5426 74984
5427 88732
5428 104924
5429 65644
5430 92912
5431 96424
5432 62280
5433 103316
5434 88856
5435 65608
5436 114496
5437 83428
5438 72036
5439 109488
5440 68268
5441 76696
5442 99536
5443 55268
5444 80148
5445 84172
5446 44668
5447 76556
5448 64584
5449 47200
5450 74052
5451 54964
5452 53216
5453 79272
5454 48760
5455 56148
5456 70672
5457 44044
5458 63232
5459 58072
5460 43384
5461 61636
5462 50132
5463 38560
5464 53452
5465 38744
5466 36192
5467 54112
5468 37628
5469 49912
5470 60352
5471 41756
5472 59096
5473 59656
5474 39924
5475 57476
5476 51428
5477 31704
5478 50164
5479 39744
5480 31816
5481 48092
5482 33440
5483 38708
5484 48608
5485 26904
5486 36880
5487 40092
5488 19056
5489 33740
5490 28624
5491 22228
5492 35996
5493 25364
5494 25864
5495 36036
5496 19076
5497 20248
5498 26800
5499 13592
5500 24916
5501 22464
5502 15136
5503 32560
5504 23976
5505 18140
5506 28932
5507 19168
5508 18092
5509 27608
5510 18164
5511 22144
5512 26880
5513 18496
5514 27080
5515 26292
5516 16540
5517 22972
5518 19804
5519 10148
5520 15852
5521 12844
5522 12632
5523 19676
5524 14196
5525 19424
5526 22048
5527 12436
5528 14424
5529 16248
5530 6724
5531 10872
5532 9676
5533 7100
5534 14240
5535 8292
5536 8548
5537 13012
5538 5672
5539 6428
5540 10388
5541 3740
5542 9088
5543 11116
5544 4680
5545 14364
5546 10564
5547 6356
5548 12220
5549 7176
5550 5948
5551 9216
5552 5588
5553 5940
5554 9228
5555 5864
5556 9660
5557 8752
5558 4692
5559 8024
5560 5728
5561 2112
5562 3564
5563 3024
5564 3356
5565 5752
5566 3928
5567 5860
5568 6080
5569 3292
5570 3260
5571 3648
5572 948
5573 1892
5574 1856
5575 820
5576 4016
5577 2164
5578 1512
5579 3956
5580 1532
5581 1828
5582 3572
5583 1024
5584 2088
5585 4096
5586 1112
5587 3380
5588 3204
5589 1016
5590 3156
5591 1236
5592 604
5593 1084
5594 916
5595 932
5596 2176
5597 1356
5598 2784
5599 3084
5600 1152
5601 2204
5602 1328
5603 416
5604 444
5605 332
5606 320
5607 684
5608 492
5609 564
5610 640
5611 328
5612 240
5613 344
5614 72
5615 196
5616 556
5617 112
5618 768
5619 540
5620 188
5621 772
5622 196
5623 288
5624 452
5625 140
5626 168
5627 600
5628 176
5629 496
5630 676
5631 52
5632 840
5633 252
5634 4
5635 124
5636 52
5637 60
5638 152
5639 92
5640 292
5641 328
5642 92
5643 204
5644 104
5645 16
5646 16
5647 4
5648 8
5649 16
5650 8
5651 16
5652 32
5653 16
5654 0
5655 12
5656 4
5657 12
5658 68
5659 16
5660 64
5661 60
5662 4
5663 44
5664 4
5665 0
5666 0
5667 0
5668 0
5669 16
5670 0
5671 32
5672 64
5673 0
5674 112
5675 40
5676 0
5677 24
5678 0
5679 0
5680 0
5681 0
5682 0
5683 0
5684 0
5685 0
5686 0
5687 0
5688 0
5689 0
5690 0
5691 0
5692 0
5693 0
5694 0
5695 0
5696 0
5697 0
5698 0
5699 0
5700 0
5701 0
5702 0
5703 0
5704 0
5705 0
5706 0
5707 0
5708 0
5709 0
5710 0
5711 0
5712 0
5713 0
5714 0
5715 0
5716 0
5717 0
5718 0
5719 0
5720 0
5721 0
5722 0
5723 0
5724 0
5725 0
5726 0
5727 0
5728 0
5729 0
5730 0
5731 0
5732 0
5733 0
5734 0
5735 0
5736 0
5737 0
5738 0
5739 0
5740 0
5741 0
5742 0
5743 0
5744 0
5745 0
5746 0
5747 0
5748 0
5749 0
5750 0
5751 0
5752 0
5753 0
5754 0
5755 0
5756 0
5757 0
5758 0
5759 0
5760 0
5761 0
5762 0
5763 0
5764 0
5765 0
5766 0
5767 0
5768 0
5769 0
5770 0
5771 0
5772 0
5773 0
5774 0
5775 0
5776 0
5777 0
5778 0
5779 0
5780 0
5781 0
5782 0
5783 0
5784 0
5785 0
5786 0
5787 0
5788 0
5789 0
5790 0
5791 0
5792 0
5793 0
5794 0
5795 0
5796 0
5797 0
5798 0
5799 0
5800 0
5801 0
5802 0
5803 0
5804 0
5805 0
5806 0
5807 0
5808 0
5809 0
5810 0
5811 0
5812 0
5813 0
5814 0
5815 0
5816 0
5817 0
5818 0
5819 0
5820 0
5821 0
5822 0
5823 0
5824 0
5825 0
5826 0
5827 0
5828 0
5829 0
5830 0
5831 0
5832 0
5833 0
5834 0
5835 0
5836 0
5837 0
5838 0
5839 0
5840 0
5841 0
5842 0
5843 0
5844 0
5845 0
5846 0
5847 0
5848 0
5849 0
5850 0
5851 0
5852 0
5853 0
5854 0
5855 0
5856 0
5857 0
5858 0
5859 0
5860 0
5861 0
5862 0
5863 0
5864 0
5865 0
5866 0
5867 0
5868 0
5869 0
5870 0
5871 0
5872 0
5873 0
5874 0
5875 0
5876 0
5877 0
5878 0
5879 0
5880 0
5881 0
5882 0
5883 0
5884 0
5885 0
5886 0
5887 0
5888 0
5889 0
5890 0
5891 0
5892 0
5893 0
5894 0
5895 0
5896 0
5897 0
5898 0
5899 0
5900 0
5901 0
5902 0
5903 0
5904 0
5905 0
5906 0
5907 0
5908 0
5909 0
5910 0
5911 0
5912 0
5913 0
5914 0
5915 0
5916 0
5917 0
5918 0
5919 0
5920 0
5921 0
5922 0
5923 0
5924 0
5925 0
5926 0
5927 0
5928 0
5929 0
5930 0
5931 0
5932 0
5933 0
5934 0
5935 0
5936 0
5937 0
5938 0
5939 0
5940 0
5941 0
5942 0
5943 0
5944 0
5945 0
5946 0
5947 0
5948 0
5949 0
5950 0
5951 0
5952 0
5953 0
5954 0
5955 0
5956 0
5957 0
5958 0
5959 0
5960 0
5961 0
5962 0
5963 0
5964 0
5965 0
5966 0
5967 0
5968 0
5969 0
5970 0
5971 0
5972 0
5973 0
5974 0
5975 0
5976 0
5977 0
5978 0
5979 0
5980 0
5981 0
5982 0
5983 0
5984 0
5985 0
5986 0
5987 0
5988 0
5989 0
5990 0
5991 0
5992 0
5993 0
5994 0
5995 0
5996 0
5997 0
5998 0
5999 0
