0 0
1 0
2 0
3 0
4 0
5 0
6 0
7 0
8 0
9 0
10 0
11 0
12 0
13 0
14 0
15 0
16 0
17 0
18 0
19 0
20 0
21 0
22 0
23 0
24 0
25 0
26 0
27 0
28 0
29 0
30 0
31 0
32 0
33 0
34 0
35 0
36 0
37 0
38 0
39 0
40 0
41 0
42 0
43 0
44 0
45 0
46 0
47 0
48 0
49 0
50 0
51 0
52 0
53 0
54 0
55 0
56 0
57 0
58 0
59 0
60 0
61 0
62 0
63 0
64 0
65 0
66 0
67 0
68 0
69 0
70 0
71 0
72 0
73 0
74 0
75 0
76 0
77 0
78 0
79 0
80 0
81 0
82 0
83 0
84 0
85 0
86 0
87 0
88 0
89 0
90 0
91 0
92 0
93 0
94 0
95 0
96 0
97 0
98 0
99 0
100 0
101 0
102 0
103 0
104 0
105 0
106 0
107 0
108 0
109 0
110 0
111 0
112 0
113 0
114 0
115 0
116 0
117 0
118 0
119 0
120 0
121 0
122 0
123 0
124 0
125 0
126 0
127 0
128 0
129 0
130 0
131 0
132 0
133 0
134 0
135 0
136 0
137 0
138 0
139 0
140 0
141 0
142 0
143 0
144 0
145 0
146 0
147 0
148 0
149 0
150 0
151 0
152 0
153 0
154 0
155 0
156 0
157 0
158 0
159 0
160 0
161 0
162 0
163 0
164 0
165 0
166 0
167 0
168 0
169 0
170 0
171 0
172 0
173 0
174 0
175 0
176 0
177 0
178 0
179 0
180 0
181 0
182 0
183 0
184 0
185 0
186 0
187 0
188 0
189 0
190 0
191 0
192 0
193 0
194 0
195 0
196 0
197 0
198 0
199 0
200 0
201 0
202 0
203 0
204 0
205 0
206 0
207 0
208 0
209 0
210 0
211 0
212 0
213 0
214 0
215 0
216 0
217 0
218 0
219 0
220 0
221 0
222 0
223 0
224 0
225 0
226 0
227 0
228 0
229 0
230 0
231 0
232 0
233 0
234 0
235 0
236 0
237 0
238 0
239 0
240 0
241 0
242 0
243 0
244 0
245 0
246 0
247 0
248 0
249 0
250 0
251 0
252 0
253 0
254 0
255 0
256 0
257 0
258 0
259 0
260 0
261 0
262 0
263 0
264 0
265 0
266 0
267 0
268 0
269 0
270 0
271 0
272 0
273 0
274 0
275 0
276 0
277 0
278 0
279 0
280 0
281 0
282 0
283 0
284 0
285 0
286 0
287 0
288 0
289 0
290 0
291 0
292 0
293 0
294 0
295 0
296 0
297 0
298 0
299 0
300 0
301 0
302 0
303 0
304 0
305 0
306 0
307 0
308 0
309 0
310 0
311 0
312 0
313 0
314 0
315 0
316 0
317 0
318 0
319 0
320 0
321 0
322 0
323 0
324 0
325 0
326 0
327 0
328 0
329 0
330 0
331 0
332 0
333 0
334 0
335 0
336 0
337 0
338 0
339 0
340 0
341 0
342 0
343 0
344 0
345 0
346 0
347 0
348 0
349 0
350 0
351 0
352 0
353 0
354 0
355 0
356 0
357 0
358 0
359 0
360 0
361 0
362 0
363 0
364 0
365 0
366 0
367 0
368 0
369 0
370 0
371 0
372 0
373 0
374 0
375 0
376 0
377 0
378 0
379 0
380 0
381 0
382 0
383 0
384 0
385 0
386 0
387 0
388 0
389 0
390 0
391 0
392 0
393 0
394 0
395 0
396 0
397 0
398 0
399 0
400 0
401 0
402 0
403 0
404 0
405 0
406 0
407 0
408 0
409 0
410 0
411 0
412 0
413 0
414 0
415 0
416 0
417 0
418 0
419 0
420 0
421 0
422 0
423 0
424 0
425 0
426 0
427 0
428 0
429 0
430 0
431 0
432 0
433 0
434 0
435 0
436 0
437 0
438 0
439 0
440 0
441 0
442 0
443 0
444 0
445 0
446 0
447 0
448 0
449 0
450 0
451 0
452 0
453 0
454 0
455 0
456 0
457 0
458 0
459 0
460 0
461 0
462 0
463 0
464 0
465 0
466 0
467 0
468 0
469 0
470 0
471 0
472 0
473 0
474 0
475 0
476 0
477 0
478 0
479 0
480 0
481 0
482 0
483 0
484 0
485 0
486 0
487 0
488 0
489 0
490 0
491 0
492 0
493 0
494 0
495 0
496 0
497 0
498 0
499 0
500 0
501 0
502 0
503 0
504 0
505 0
506 0
507 0
508 0
509 0
510 0
511 0
512 0
513 0
514 0
515 0
516 0
517 0
518 0
519 0
520 0
521 0
522 0
523 0
524 0
525 0
526 0
527 0
528 0
529 0
530 0
531 0
532 0
533 0
534 0
535 0
536 0
537 0
538 0
539 0
540 0
541 0
542 0
543 0
544 0
545 0
546 0
547 0
548 0
549 0
550 0
551 0
552 0
553 0
554 0
555 0
556 0
557 0
558 0
559 0
560 0
561 0
562 0
563 0
564 0
565 0
566 0
567 0
568 0
569 0
570 0
571 0
572 0
573 0
574 0
575 0
576 0
577 0
578 0
579 0
580 0
581 0
582 0
583 0
584 0
585 0
586 0
587 0
588 0
589 0
590 0
591 0
592 0
593 0
594 0
595 0
596 0
597 0
598 0
599 0
600 0
601 0
602 0
603 0
604 0
605 0
606 0
607 0
608 0
609 0
610 0
611 0
612 0
613 0
614 0
615 0
616 0
617 0
618 0
619 0
620 0
621 0
622 0
623 0
624 0
625 0
626 0
627 0
628 0
629 0
630 0
631 0
632 0
633 0
634 0
635 0
636 0
637 0
638 0
639 0
640 0
641 0
642 0
643 0
644 0
645 0
646 0
647 0
648 0
649 0
650 0
651 0
652 0
653 0
654 0
655 0
656 0
657 0
658 0
659 0
660 0
661 0
662 0
663 0
664 0
665 0
666 0
667 0
668 0
669 0
670 0
671 0
672 0
673 0
674 0
675 0
676 0
677 0
678 0
679 0
680 0
681 0
682 0
683 0
684 0
685 0
686 0
687 0
688 0
689 0
690 0
691 0
692 0
693 0
694 0
695 0
696 0
697 0
698 0
699 0
700 0
701 0
702 0
703 0
704 0
705 0
706 0
707 0
708 0
709 0
710 0
711 0
712 0
713 0
714 0
715 0
716 0
717 0
718 0
719 0
720 0
721 0
722 0
723 0
724 0
725 0
726 0
727 0
728 0
729 0
730 0
731 0
732 0
733 0
734 0
735 0
736 0
737 0
738 0
739 0
740 0
741 0
742 0
743 0
744 0
745 0
746 0
747 0
748 0
749 0
750 0
751 0
752 0
753 0
754 0
755 0
756 0
757 0
758 0
759 0
760 0
761 0
762 0
763 0
764 0
765 0
766 0
767 0
768 0
769 0
770 0
771 0
772 0
773 0
774 0
775 0
776 0
777 0
778 0
779 0
780 0
781 0
782 0
783 0
784 0
785 0
786 0
787 0
788 0
789 0
790 0
791 0
792 0
793 0
794 0
795 0
796 0
797 0
798 0
799 0
800 0
801 0
802 0
803 0
804 0
805 0
806 0
807 0
808 0
809 0
810 0
811 0
812 0
813 0
814 0
815 0
816 0
817 0
818 0
819 0
820 0
821 0
822 0
823 0
824 0
825 0
826 0
827 0
828 0
829 0
830 0
831 0
832 0
833 0
834 0
835 0
836 0
837 0
838 0
839 0
840 0
841 0
842 0
843 0
844 0
845 0
846 0
847 0
848 0
849 0
850 0
851 0
852 0
853 0
854 0
855 0
856 0
857 0
858 0
859 0
860 0
861 0
862 0
863 0
864 0
865 0
866 0
867 0
868 0
869 0
870 0
871 0
872 0
873 0
874 0
875 0
876 0
877 0
878 0
879 0
880 0
881 0
882 0
883 0
884 0
885 0
886 0
887 0
888 0
889 0
890 0
891 0
892 0
893 0
894 0
895 0
896 0
897 0
898 0
899 0
900 0
901 0
902 0
903 0
904 0
905 0
906 0
907 0
908 0
909 0
910 0
911 0
912 0
913 0
914 0
915 0
916 0
917 0
918 0
919 0
920 0
921 0
922 0
923 0
924 0
925 0
926 0
927 0
928 0
929 0
930 0
931 0
932 0
933 0
934 0
935 0
936 0
937 0
938 0
939 0
940 0
941 0
942 0
943 0
944 0
945 0
946 0
947 0
948 0
949 0
950 0
951 0
952 0
953 0
954 0
955 0
956 0
957 0
958 0
959 0
960 0
961 0
962 0
963 0
964 0
965 0
966 0
967 0
968 0
969 0
970 0
971 0
972 0
973 0
974 0
975 0
976 0
977 0
978 0
979 0
980 0
981 0
982 0
983 0
984 0
985 0
986 0
987 0
988 0
989 0
990 0
991 0
992 0
993 0
994 0
995 0
996 0
997 0
998 0
999 0
1000 0
1001 0
1002 0
1003 0
1004 0
1005 0
1006 0
1007 0
1008 0
1009 0
1010 0
1011 0
1012 0
1013 0
1014 0
1015 0
1016 0
1017 0
1018 0
1019 0
1020 0
1021 0
1022 0
1023 0
1024 0
1025 0
1026 0
1027 0
1028 0
1029 0
1030 0
1031 0
1032 0
1033 0
1034 0
1035 0
1036 0
1037 0
1038 0
1039 0
1040 0
1041 0
1042 0
1043 0
1044 0
1045 0
1046 0
1047 0
1048 0
1049 0
1050 0
1051 0
1052 0
1053 0
1054 0
1055 0
1056 0
1057 0
1058 0
1059 0
1060 0
1061 0
1062 0
1063 0
1064 0
1065 0
1066 0
1067 0
1068 0
1069 0
1070 0
1071 0
1072 0
1073 0
1074 0
1075 0
1076 0
1077 0
1078 0
1079 0
1080 0
1081 0
1082 0
1083 0
1084 0
1085 0
1086 0
1087 0
1088 0
1089 0
1090 0
1091 0
1092 0
1093 0
1094 0
1095 0
1096 0
1097 0
1098 0
1099 0
1100 0
1101 0
1102 0
1103 0
1104 0
1105 0
1106 0
1107 0
1108 0
1109 0
1110 0
1111 0
1112 0
1113 0
1114 0
1115 0
1116 0
1117 0
1118 0
1119 0
1120 0
1121 0
1122 0
1123 0
1124 0
1125 0
1126 0
1127 0
1128 0
1129 0
1130 0
1131 0
1132 0
1133 0
1134 0
1135 0
1136 0
1137 0
1138 0
1139 0
1140 0
1141 0
1142 0
1143 0
1144 0
1145 0
1146 0
1147 0
1148 0
1149 0
1150 0
1151 0
1152 0
1153 0
1154 0
1155 0
1156 0
1157 0
1158 0
1159 0
1160 0
1161 0
1162 0
1163 0
1164 0
1165 0
1166 0
1167 0
1168 0
1169 0
1170 0
1171 0
1172 0
1173 0
1174 0
1175 0
1176 0
1177 0
1178 0
1179 0
1180 0
1181 0
1182 0
1183 0
1184 0
1185 0
1186 0
1187 0
1188 0
1189 0
1190 0
1191 0
1192 0
1193 0
1194 0
1195 0
1196 0
1197 0
1198 0
1199 0
1200 0
1201 0
1202 0
1203 0
1204 0
1205 0
1206 0
1207 0
1208 0
1209 0
1210 0
1211 0
1212 0
1213 0
1214 0
1215 0
1216 0
1217 0
1218 0
1219 0
1220 0
1221 0
1222 0
1223 0
1224 0
1225 0
1226 0
1227 0
1228 0
1229 0
1230 0
1231 0
1232 0
1233 0
1234 0
1235 0
1236 0
1237 0
1238 0
1239 0
1240 0
1241 0
1242 0
1243 0
1244 0
1245 0
1246 0
1247 0
1248 0
1249 0
1250 0
1251 0
1252 0
1253 0
1254 0
1255 0
1256 0
1257 0
1258 0
1259 0
1260 0
1261 0
1262 0
1263 0
1264 0
1265 0
1266 0
1267 0
1268 0
1269 0
1270 0
1271 0
1272 0
1273 0
1274 0
1275 0
1276 0
1277 0
1278 0
1279 0
1280 0
1281 0
1282 0
1283 0
1284 0
1285 0
1286 0
1287 0
1288 0
1289 0
1290 0
1291 0
1292 0
1293 0
1294 0
1295 0
1296 0
1297 0
1298 0
1299 0
1300 0
1301 0
1302 0
1303 0
1304 0
1305 0
1306 0
1307 0
1308 0
1309 0
1310 0
1311 0
1312 0
1313 0
1314 0
1315 0
1316 0
1317 0
1318 0
1319 0
1320 0
1321 0
1322 0
1323 0
1324 0
1325 0
1326 0
1327 0
1328 0
1329 0
1330 0
1331 0
1332 0
1333 0
1334 0
1335 0
1336 0
1337 0
1338 0
1339 0
1340 0
1341 0
1342 0
1343 0
1344 0
1345 0
1346 0
1347 0
1348 0
1349 0
1350 0
1351 0
1352 0
1353 0
1354 0
1355 0
1356 0
1357 0
1358 0
1359 0
1360 0
1361 0
1362 0
1363 0
1364 0
1365 0
1366 0
1367 0
1368 0
1369 0
1370 0
1371 0
1372 0
1373 0
1374 0
1375 0
1376 0
1377 0
1378 0
1379 0
1380 0
1381 0
1382 0
1383 0
1384 0
1385 0
1386 0
1387 0
1388 0
1389 0
1390 0
1391 0
1392 0
1393 0
1394 0
1395 0
1396 0
1397 0
1398 0
1399 0
1400 0
1401 0
1402 0
1403 0
1404 0
1405 0
1406 0
1407 0
1408 0
1409 0
1410 0
1411 0
1412 0
1413 0
1414 0
1415 0
1416 0
1417 0
1418 0
1419 0
1420 0
1421 0
1422 0
1423 0
1424 0
1425 0
1426 0
1427 0
1428 0
1429 0
1430 0
1431 0
1432 0
1433 0
1434 0
1435 0
1436 0
1437 0
1438 0
1439 0
1440 0
1441 0
1442 0
1443 0
1444 0
1445 0
1446 0
1447 0
1448 0
1449 0
1450 0
1451 0
1452 0
1453 0
1454 0
1455 0
1456 0
1457 0
1458 0
1459 0
1460 0
1461 0
1462 0
1463 0
1464 0
1465 0
1466 0
1467 0
1468 0
1469 0
1470 0
1471 0
1472 0
1473 0
1474 0
1475 0
1476 0
1477 0
1478 0
1479 0
1480 0
1481 0
1482 0
1483 0
1484 0
1485 0
1486 0
1487 0
1488 0
1489 0
1490 0
1491 0
1492 0
1493 0
1494 0
1495 0
1496 0
1497 0
1498 0
1499 0
1500 0
1501 0
1502 0
1503 0
1504 0
1505 0
1506 0
1507 0
1508 0
1509 0
1510 0
1511 0
1512 0
1513 0
1514 0
1515 0
1516 0
1517 0
1518 0
1519 0
1520 0
1521 0
1522 0
1523 0
1524 0
1525 0
1526 0
1527 0
1528 0
1529 0
1530 0
1531 0
1532 0
1533 0
1534 0
1535 0
1536 0
1537 0
1538 0
1539 0
1540 0
1541 0
1542 0
1543 0
1544 0
1545 0
1546 0
1547 0
1548 0
1549 0
1550 0
1551 0
1552 0
1553 0
1554 0
1555 0
1556 0
1557 0
1558 0
1559 0
1560 0
1561 0
1562 0
1563 0
1564 0
1565 0
1566 0
1567 0
1568 0
1569 0
1570 0
1571 0
1572 0
1573 0
1574 0
1575 0
1576 0
1577 0
1578 0
1579 0
1580 0
1581 0
1582 0
1583 0
1584 0
1585 0
1586 0
1587 0
1588 0
1589 0
1590 0
1591 0
1592 0
1593 0
1594 0
1595 0
1596 0
1597 0
1598 0
1599 0
1600 0
1601 0
1602 0
1603 0
1604 0
1605 0
1606 0
1607 0
1608 0
1609 0
1610 0
1611 0
1612 0
1613 0
1614 2
1615 0
1616 0
1617 0
1618 0
1619 0
1620 0
1621 0
1622 0
1623 0
1624 0
1625 0
1626 0
1627 0
1628 0
1629 0
1630 0
1631 2
1632 0
1633 0
1634 0
1635 0
1636 0
1637 0
1638 0
1639 0
1640 0
1641 0
1642 0
1643 0
1644 0
1645 0
1646 0
1647 0
1648 0
1649 0
1650 0
1651 0
1652 0
1653 0
1654 0
1655 0
1656 0
1657 0
1658 2
1659 0
1660 0
1661 0
1662 0
1663 0
1664 0
1665 0
1666 0
1667 0
1668 0
1669 0
1670 0
1671 0
1672 0
1673 0
1674 0
1675 2
1676 0
1677 0
1678 0
1679 0
1680 2
1681 0
1682 0
1683 0
1684 0
1685 0
1686 2
1687 2
1688 0
1689 0
1690 0
1691 0
1692 0
1693 0
1694 2
1695 0
1696 0
1697 2
1698 0
1699 0
1700 0
1701 0
1702 0
1703 2
1704 2
1705 0
1706 0
1707 0
1708 0
1709 0
1710 0
1711 2
1712 0
1713 0
1714 0
1715 0
1716 0
1717 0
1718 2
1719 2
1720 0
1721 4
1722 2
1723 4
1724 2
1725 2
1726 4
1727 0
1728 0
1729 2
1730 2
1731 0
1732 0
1733 6
1734 6
1735 2
1736 6
1737 8
1738 10
1739 2
1740 6
1741 2
1742 0
1743 6
1744 0
1745 4
1746 0
1747 0
1748 4
1749 2
1750 0
1751 2
1752 0
1753 4
1754 2
1755 6
1756 0
1757 6
1758 0
1759 0
1760 6
1761 0
1762 2
1763 0
1764 0
1765 2
1766 0
1767 0
1768 4
1769 4
1770 0
1771 2
1772 0
1773 2
1774 2
1775 4
1776 4
1777 10
1778 12
1779 20
1780 6
1781 8
1782 4
1783 0
1784 4
1785 4
1786 2
1787 4
1788 0
1789 4
1790 0
1791 2
1792 10
1793 2
1794 0
1795 12
1796 10
1797 16
1798 4
1799 18
1800 10
1801 10
1802 6
1803 10
1804 6
1805 8
1806 14
1807 8
1808 2
1809 22
1810 14
1811 8
1812 10
1813 8
1814 18
1815 2
1816 4
1817 18
1818 8
1819 6
1820 8
1821 10
1822 8
1823 26
1824 8
1825 6
1826 4
1827 4
1828 10
1829 12
1830 16
1831 14
1832 4
1833 20
1834 36
1835 18
1836 8
1837 22
1838 22
1839 12
1840 26
1841 46
1842 42
1843 42
1844 36
1845 52
1846 40
1847 26
1848 24
1849 38
1850 28
1851 44
1852 54
1853 30
1854 28
1855 30
1856 22
1857 26
1858 28
1859 42
1860 42
1861 34
1862 46
1863 30
1864 30
1865 34
1866 22
1867 36
1868 24
1869 48
1870 20
1871 24
1872 26
1873 20
1874 36
1875 22
1876 14
1877 48
1878 44
1879 66
1880 34
1881 24
1882 48
1883 54
1884 48
1885 58
1886 40
1887 72
1888 58
1889 40
1890 38
1891 60
1892 34
1893 42
1894 40
1895 38
1896 30
1897 48
1898 42
1899 52
1900 58
1901 46
1902 62
1903 70
1904 44
1905 36
1906 72
1907 62
1908 62
1909 50
1910 50
1911 102
1912 56
1913 46
1914 106
1915 86
1916 92
1917 74
1918 70
1919 104
1920 84
1921 50
1922 64
1923 64
1924 20
1925 44
1926 52
1927 44
1928 62
1929 68
1930 28
1931 80
1932 52
1933 68
1934 98
1935 86
1936 44
1937 82
1938 46
1939 56
1940 66
1941 76
1942 94
1943 98
1944 92
1945 82
1946 84
1947 92
1948 90
1949 78
1950 58
1951 58
1952 76
1953 68
1954 80
1955 126
1956 98
1957 108
1958 150
1959 106
1960 96
1961 80
1962 104
1963 140
1964 124
1965 156
1966 174
1967 132
1968 154
1969 188
1970 138
1971 150
1972 148
1973 136
1974 194
1975 178
1976 152
1977 192
1978 158
1979 110
1980 120
1981 128
1982 116
1983 162
1984 134
1985 126
1986 206
1987 168
1988 172
1989 200
1990 160
1991 166
1992 162
1993 140
1994 170
1995 136
1996 182
1997 188
1998 174
1999 182
2000 214
2001 110
2002 142
2003 174
2004 148
2005 150
2006 118
2007 172
2008 218
2009 214
2010 170
2011 144
2012 202
2013 270
2014 258
2015 216
2016 228
2017 250
2018 206
2019 210
2020 210
2021 202
2022 204
2023 180
2024 150
2025 214
2026 250
2027 220
2028 238
2029 238
2030 210
2031 296
2032 248
2033 260
2034 286
2035 234
2036 188
2037 234
2038 230
2039 224
2040 318
2041 288
2042 248
2043 236
2044 190
2045 284
2046 280
2047 232
2048 280
2049 360
2050 228
2051 218
2052 232
2053 224
2054 266
2055 252
2056 274
2057 248
2058 268
2059 258
2060 272
2061 252
2062 236
2063 312
2064 234
2065 216
2066 246
2067 228
2068 316
2069 356
2070 282
2071 330
2072 410
2073 362
2074 272
2075 290
2076 340
2077 406
2078 314
2079 316
2080 446
2081 462
2082 396
2083 502
2084 544
2085 378
2086 372
2087 408
2088 360
2089 472
2090 434
2091 464
2092 482
2093 360
2094 474
2095 524
2096 490
2097 502
2098 532
2099 522
2100 650
2101 594
2102 448
2103 560
2104 570
2105 470
2106 504
2107 442
2108 508
2109 578
2110 444
2111 612
2112 652
2113 542
2114 716
2115 666
2116 412
2117 548
2118 558
2119 470
2120 482
2121 542
2122 636
2123 644
2124 470
2125 522
2126 582
2127 602
2128 570
2129 638
2130 496
2131 658
2132 622
2133 536
2134 568
2135 566
2136 572
2137 594
2138 600
2139 690
2140 728
2141 628
2142 660
2143 700
2144 604
2145 638
2146 686
2147 690
2148 794
2149 630
2150 662
2151 772
2152 648
2153 760
2154 856
2155 752
2156 780
2157 732
2158 576
2159 772
2160 910
2161 738
2162 846
2163 858
2164 704
2165 806
2166 808
2167 704
2168 848
2169 770
2170 768
2171 874
2172 764
2173 766
2174 874
2175 800
2176 790
2177 854
2178 744
2179 688
2180 904
2181 820
2182 866
2183 880
2184 948
2185 872
2186 792
2187 782
2188 766
2189 828
2190 752
2191 724
2192 850
2193 802
2194 940
2195 1014
2196 902
2197 1058
2198 1086
2199 934
2200 722
2201 856
2202 1028
2203 1090
2204 1008
2205 992
2206 1158
2207 960
2208 992
2209 1244
2210 1154
2211 1212
2212 1284
2213 1134
2214 1246
2215 1380
2216 1214
2217 1332
2218 1374
2219 1264
2220 1252
2221 1162
2222 950
2223 1256
2224 1290
2225 1218
2226 1606
2227 1302
2228 1328
2229 1602
2230 1312
2231 1236
2232 1252
2233 1228
2234 1446
2235 1308
2236 1468
2237 1608
2238 1404
2239 1350
2240 1514
2241 1344
2242 1164
2243 1328
2244 1396
2245 1340
2246 1400
2247 1332
2248 1518
2249 1632
2250 1284
2251 1364
2252 1498
2253 1466
2254 1576
2255 1396
2256 1422
2257 1768
2258 1394
2259 1232
2260 1622
2261 1636
2262 1670
2263 1578
2264 1456
2265 1760
2266 1766
2267 1670
2268 1918
2269 1754
2270 1828
2271 1834
2272 1412
2273 1518
2274 1912
2275 1848
2276 1774
2277 1966
2278 1782
2279 1862
2280 2040
2281 1920
2282 2040
2283 2080
2284 1822
2285 2038
2286 1984
2287 1892
2288 2302
2289 2194
2290 2068
2291 2060
2292 1788
2293 1586
2294 2012
2295 2142
2296 2270
2297 2022
2298 1810
2299 1976
2300 2090
2301 1834
2302 2232
2303 2270
2304 2014
2305 1778
2306 1900
2307 1796
2308 2084
2309 2080
2310 2194
2311 2146
2312 2076
2313 1982
2314 1860
2315 1992
2316 2214
2317 2264
2318 2226
2319 2292
2320 2154
2321 2154
2322 1916
2323 2384
2324 2492
2325 2148
2326 2190
2327 2378
2328 2236
2329 2508
2330 2638
2331 2660
2332 2588
2333 2608
2334 2424
2335 2390
2336 2308
2337 2460
2338 2886
2339 2400
2340 2470
2341 2906
2342 2564
2343 3016
2344 2918
2345 2890
2346 3206
2347 2754
2348 2734
2349 3108
2350 2938
2351 3176
2352 3182
2353 2706
2354 2908
2355 3014
2356 2300
2357 2690
2358 3026
2359 2700
2360 2980
2361 2978
2362 3150
2363 3434
2364 2906
2365 3124
2366 3358
2367 2940
2368 3216
2369 3328
2370 3272
2371 3478
2372 3184
2373 2892
2374 3306
2375 3140
2376 3036
2377 3064
2378 2956
2379 3122
2380 3502
2381 3294
2382 3624
2383 3662
2384 3434
2385 3472
2386 3576
2387 3216
2388 3850
2389 3710
2390 3352
2391 3740
2392 3866
2393 3874
2394 4250
2395 3810
2396 3932
2397 4220
2398 3294
2399 3932
2400 4172
2401 4106
2402 4776
2403 4360
2404 4074
2405 4258
2406 3828
2407 3544
2408 3974
2409 4082
2410 4208
2411 3972
2412 3668
2413 4486
2414 4816
2415 4496
2416 4566
2417 4628
2418 4258
2419 3734
2420 4002
2421 3914
2422 4398
2423 4338
2424 4186
2425 4626
2426 3964
2427 3640
2428 4170
2429 3986
2430 4380
2431 4646
2432 4270
2433 4370
2434 4440
2435 4192
2436 4038
2437 4440
2438 4488
2439 4200
2440 3972
2441 3956
2442 4390
2443 4382
2444 4454
2445 4794
2446 4732
2447 4522
2448 4530
2449 4722
2450 4632
2451 4604
2452 5146
2453 4720
2454 4304
2455 5022
2456 4484
2457 4310
2458 4828
2459 4866
2460 5170
2461 4850
2462 4302
2463 4824
2464 5606
2465 5080
2466 5368
2467 5500
2468 5460
2469 5790
2470 5094
2471 4762
2472 5832
2473 5598
2474 5042
2475 5166
2476 5434
2477 5562
2478 5290
2479 5164
2480 5880
2481 5990
2482 5446
2483 5904
2484 5868
2485 5800
2486 5996
2487 5450
2488 5718
2489 5800
2490 5620
2491 5820
2492 5650
2493 5424
2494 6166
2495 6062
2496 6228
2497 6528
2498 6358
2499 6382
2500 6676
2501 6056
2502 6456
2503 6678
2504 6322
2505 6540
2506 7118
2507 6364
2508 6706
2509 6708
2510 6902
2511 7372
2512 6416
2513 6514
2514 7576
2515 7004
2516 7470
2517 7788
2518 7236
2519 7354
2520 7534
2521 6696
2522 7644
2523 7558
2524 7170
2525 7560
2526 7162
2527 7586
2528 8464
2529 7806
2530 8200
2531 8438
2532 7712
2533 6988
2534 7044
2535 7420
2536 8532
2537 8490
2538 7598
2539 8152
2540 7948
2541 6982
2542 7558
2543 8034
2544 8058
2545 8238
2546 7468
2547 7546
2548 8120
2549 8064
2550 8362
2551 8402
2552 8338
2553 7998
2554 7244
2555 6852
2556 8242
2557 8398
2558 8000
2559 8612
2560 8002
2561 7366
2562 7756
2563 7580
2564 8418
2565 8638
2566 8048
2567 8754
2568 8060
2569 7526
2570 8072
2571 7804
2572 8366
2573 8308
2574 8068
2575 8028
2576 7924
2577 8418
2578 8972
2579 8636
2580 8760
2581 9358
2582 8838
2583 8618
2584 8562
2585 8052
2586 9266
2587 9208
2588 8404
2589 8786
2590 8824
2591 8354
2592 8828
2593 8522
2594 9162
2595 9838
2596 9102
2597 8808
2598 10250
2599 10024
2600 9538
2601 9544
2602 9304
2603 9398
2604 9222
2605 8898
2606 9654
2607 9430
2608 9180
2609 9838
2610 9350
2611 9608
2612 9878
2613 9518
2614 10320
2615 10210
2616 10478
2617 10922
2618 10190
2619 10192
2620 10958
2621 10266
2622 10200
2623 10658
2624 10534
2625 11016
2626 10602
2627 9636
2628 11022
2629 11042
2630 10720
2631 11830
2632 11898
2633 11348
2634 11956
2635 11646
2636 12672
2637 12384
2638 11574
2639 11632
2640 11694
2641 11456
2642 12512
2643 12124
2644 12492
2645 13178
2646 12040
2647 10882
2648 12102
2649 12356
2650 12668
2651 13182
2652 11942
2653 13032
2654 13582
2655 11652
2656 13192
2657 13690
2658 12498
2659 12974
2660 11584
2661 11376
2662 13286
2663 13222
2664 12660
2665 13610
2666 13116
2667 12490
2668 12664
2669 12160
2670 13150
2671 14294
2672 12922
2673 12878
2674 13820
2675 12680
2676 12616
2677 12670
2678 13238
2679 13520
2680 12974
2681 12448
2682 12586
2683 12502
2684 13210
2685 13596
2686 13226
2687 13568
2688 13002
2689 12080
2690 12726
2691 12454
2692 12750
2693 13932
2694 12876
2695 13008
2696 13242
2697 11836
2698 13046
2699 13312
2700 13112
2701 13948
2702 13744
2703 12974
2704 13886
2705 13404
2706 13130
2707 14378
2708 13626
2709 13306
2710 13536
2711 12610
2712 14250
2713 14720
2714 14578
2715 15082
2716 15130
2717 14606
2718 13822
2719 12910
2720 14456
2721 14856
2722 14598
2723 14498
2724 14458
2725 14150
2726 14348
2727 13868
2728 14024
2729 14884
2730 15186
2731 14734
2732 15634
2733 14688
2734 15264
2735 15898
2736 14510
2737 15268
2738 16046
2739 15256
2740 15192
2741 15170
2742 16012
2743 16702
2744 15640
2745 15858
2746 17082
2747 16086
2748 16576
2749 17102
2750 17502
2751 18220
2752 17220
2753 16798
2754 17772
2755 17184
2756 17220
2757 17482
2758 17474
2759 17868
2760 18054
2761 17002
2762 17832
2763 17902
2764 17756
2765 18912
2766 18300
2767 18078
2768 19200
2769 18622
2770 19428
2771 20072
2772 19064
2773 19198
2774 17998
2775 17098
2776 18592
2777 18424
2778 18030
2779 20040
2780 19156
2781 17984
2782 19830
2783 19500
2784 19720
2785 22282
2786 20050
2787 20068
2788 20990
2789 18742
2790 19300
2791 20542
2792 19538
2793 20230
2794 19640
2795 17566
2796 19224
2797 19490
2798 19246
2799 21018
2800 20888
2801 19770
2802 20196
2803 18726
2804 18854
2805 20146
2806 19728
2807 19578
2808 19296
2809 18966
2810 19304
2811 18390
2812 18398
2813 19134
2814 19352
2815 19196
2816 19746
2817 18300
2818 19512
2819 20628
2820 19532
2821 21062
2822 20442
2823 19168
2824 20318
2825 17906
2826 18612
2827 21522
2828 19570
2829 19940
2830 21424
2831 20282
2832 18426
2833 19972
2834 19636
2835 20842
2836 21120
2837 19554
2838 20874
2839 20772
2840 19390
2841 19982
2842 20492
2843 20396
2844 20786
2845 19236
2846 19424
2847 20516
2848 20458
2849 20112
2850 21272
2851 21516
2852 21450
2853 20848
2854 20360
2855 20906
2856 21756
2857 21484
2858 21490
2859 20462
2860 22086
2861 21238
2862 19942
2863 21696
2864 22460
2865 23164
2866 22642
2867 22264
2868 23604
2869 24120
2870 23184
2871 24056
2872 24840
2873 24050
2874 23522
2875 23078
2876 23070
2877 24136
2878 24060
2879 24056
2880 24136
2881 23330
2882 24076
2883 23782
2884 24062
2885 26232
2886 24844
2887 24528
2888 24802
2889 23604
2890 25082
2891 24844
2892 23550
2893 24918
2894 24652
2895 23704
2896 24912
2897 26240
2898 26840
2899 28068
2900 26554
2901 25336
2902 26978
2903 25818
2904 26208
2905 27740
2906 27666
2907 27530
2908 26526
2909 24850
2910 25710
2911 27218
2912 25970
2913 26970
2914 26510
2915 26166
2916 27060
2917 26232
2918 25856
2919 28564
2920 27484
2921 26552
2922 26462
2923 25412
2924 26452
2925 25946
2926 24276
2927 26336
2928 27472
2929 24338
2930 24420
2931 25148
2932 25776
2933 26762
2934 26526
2935 27390
2936 29000
2937 26426
2938 24424
2939 25644
2940 25664
2941 25880
2942 26002
2943 25516
2944 26882
2945 26894
2946 25278
2947 26144
2948 27170
2949 27506
2950 27434
2951 25788
2952 26504
2953 27704
2954 25026
2955 27092
2956 28580
2957 27030
2958 25986
2959 25126
2960 23372
2961 25656
2962 25652
2963 25450
2964 27944
2965 26400
2966 26590
2967 27720
2968 25638
2969 26432
2970 28704
2971 27270
2972 27458
2973 27208
2974 26258
2975 27036
2976 26658
2977 27306
2978 29416
2979 28702
2980 27300
2981 27528
2982 28736
2983 28324
2984 29516
2985 30146
2986 30750
2987 30984
2988 28944
2989 29218
2990 29514
2991 29858
2992 29384
2993 28174
2994 28910
2995 28790
2996 27814
2997 29254
2998 29720
2999 30826
3000 30920
3001 30308
3002 29724
3003 30542
3004 31966
3005 31478
3006 30792
3007 31268
3008 31272
3009 30296
3010 29556
3011 30644
3012 31440
3013 32236
3014 31744
3015 30876
3016 32838
3017 31974
3018 32266
3019 34146
3020 33742
3021 34230
3022 34182
3023 32122
3024 33886
3025 33848
3026 32304
3027 33668
3028 33364
3029 32084
3030 32294
3031 33038
3032 33482
3033 34508
3034 34058
3035 33808
3036 33550
3037 32308
3038 32214
3039 32750
3040 32392
3041 33742
3042 33472
3043 31750
3044 31454
3045 32578
3046 32314
3047 32752
3048 32898
3049 33346
3050 34552
3051 32080
3052 31102
3053 34140
3054 34104
3055 33784
3056 33282
3057 32152
3058 34392
3059 33414
3060 30886
3061 34066
3062 35960
3063 33798
3064 32892
3065 32566
3066 32118
3067 32490
3068 32564
3069 33280
3070 36186
3071 34588
3072 32140
3073 33020
3074 30908
3075 31054
3076 32090
3077 31480
3078 31340
3079 31416
3080 30730
3081 32094
3082 32652
3083 32836
3084 33286
3085 33244
3086 32020
3087 31754
3088 31260
3089 32976
3090 32850
3091 32590
3092 33992
3093 34152
3094 30396
3095 31306
3096 32662
3097 33224
3098 34988
3099 34208
3100 35678
3101 36874
3102 32994
3103 33732
3104 36196
3105 35006
3106 34112
3107 33394
3108 32830
3109 33448
3110 33306
3111 32160
3112 34402
3113 36826
3114 33748
3115 32880
3116 33424
3117 33600
3118 34578
3119 35380
3120 34250
3121 36090
3122 35806
3123 33176
3124 32460
3125 33858
3126 34232
3127 34396
3128 33666
3129 34084
3130 36434
3131 35850
3132 34618
3133 37572
3134 38528
3135 38184
3136 36142
3137 36530
3138 38616
3139 39340
3140 38158
3141 38512
3142 37996
3143 37548
3144 36738
3145 35192
3146 37604
3147 38978
3148 36168
3149 36392
3150 37466
3151 36818
3152 37370
3153 38368
3154 37868
3155 37956
3156 37136
3157 36788
3158 36904
3159 36102
3160 36590
3161 37174
3162 35296
3163 35702
3164 37494
3165 36966
3166 36410
3167 37866
3168 40346
3169 39914
3170 38586
3171 38738
3172 38604
3173 38278
3174 37810
3175 38894
3176 38696
3177 40676
3178 38954
3179 37034
3180 37690
3181 38948
3182 37528
3183 36738
3184 39138
3185 38842
3186 37584
3187 36786
3188 37626
3189 38596
3190 39096
3191 37340
3192 37618
3193 36402
3194 35060
3195 35832
3196 36328
3197 36780
3198 38472
3199 38160
3200 35394
3201 34728
3202 36402
3203 34786
3204 36070
3205 37204
3206 38226
3207 39178
3208 35848
3209 36324
3210 39060
3211 39410
3212 37712
3213 38240
3214 37466
3215 37646
3216 35698
3217 36022
3218 38498
3219 40322
3220 38408
3221 37014
3222 38112
3223 37732
3224 36818
3225 37956
3226 40168
3227 40860
3228 37436
3229 35908
3230 35252
3231 35592
3232 35462
3233 37464
3234 37232
3235 36874
3236 37876
3237 35838
3238 36724
3239 38204
3240 36750
3241 39246
3242 37650
3243 36150
3244 38926
3245 38402
3246 37216
3247 41344
3248 40588
3249 38186
3250 39418
3251 37200
3252 37178
3253 41540
3254 38800
3255 40534
3256 43832
3257 41350
3258 40818
3259 41796
3260 39282
3261 42258
3262 38934
3263 36738
3264 39578
3265 39504
3266 37892
3267 40790
3268 40152
3269 40228
3270 41310
3271 37756
3272 38370
3273 40958
3274 37732
3275 40452
3276 39048
3277 38392
3278 41394
3279 38534
3280 37504
3281 41594
3282 39468
3283 40328
3284 41150
3285 38694
3286 41072
3287 42904
3288 39784
3289 43050
3290 44916
3291 42134
3292 41816
3293 41812
3294 41578
3295 41486
3296 39620
3297 40646
3298 41470
3299 40454
3300 39542
3301 39404
3302 41502
3303 44226
3304 42194
3305 41696
3306 41682
3307 40228
3308 38758
3309 37276
3310 38166
3311 41298
3312 39512
3313 34770
3314 37910
3315 38856
3316 35354
3317 38238
3318 38054
3319 38026
3320 39784
3321 37506
3322 37558
3323 40952
3324 41512
3325 40680
3326 41006
3327 39164
3328 38808
3329 37754
3330 34580
3331 37280
3332 40202
3333 39006
3334 39058
3335 39748
3336 40086
3337 39128
3338 39416
3339 41488
3340 38598
3341 40504
3342 40260
3343 35720
3344 37150
3345 38832
3346 36818
3347 37870
3348 38052
3349 35506
3350 36406
3351 35958
3352 34250
3353 39840
3354 39248
3355 37168
3356 39646
3357 35796
3358 36284
3359 39682
3360 36268
3361 36346
3362 39796
3363 37634
3364 34328
3365 36218
3366 35644
3367 37300
3368 38176
3369 36432
3370 41700
3371 40766
3372 38840
3373 41436
3374 41026
3375 42628
3376 40964
3377 36488
3378 36944
3379 38542
3380 35374
3381 38432
3382 39530
3383 39362
3384 40736
3385 37110
3386 36318
3387 41640
3388 35596
3389 37184
3390 40540
3391 35092
3392 40012
3393 40214
3394 33708
3395 40072
3396 38804
3397 35040
3398 37850
3399 36386
3400 36084
3401 41012
3402 37102
3403 38752
3404 43594
3405 38084
3406 39476
3407 40766
3408 37178
3409 41412
3410 39870
3411 36396
3412 41808
3413 40356
3414 37618
3415 40578
3416 39536
3417 40134
3418 40282
3419 38268
3420 40484
3421 40384
3422 37330
3423 39168
3424 40588
3425 37554
3426 40694
3427 38254
3428 35316
3429 39016
3430 37276
3431 37414
3432 37684
3433 36072
3434 38308
3435 36108
3436 34492
3437 39110
3438 38992
3439 37876
3440 40976
3441 37870
3442 34962
3443 39984
3444 35770
3445 36354
3446 41494
3447 35824
3448 38216
3449 37268
3450 34586
3451 38726
3452 39022
3453 37174
3454 41408
3455 38488
3456 36396
3457 38830
3458 36936
3459 36504
3460 39724
3461 38352
3462 37042
3463 36042
3464 34606
3465 35070
3466 33750
3467 35220
3468 37772
3469 34800
3470 34880
3471 35618
3472 35028
3473 38208
3474 34914
3475 34974
3476 38588
3477 34402
3478 31652
3479 36042
3480 33754
3481 35574
3482 38700
3483 32304
3484 35632
3485 38834
3486 30838
3487 35804
3488 42406
3489 37140
3490 39564
3491 37858
3492 34650
3493 37580
3494 34026
3495 32086
3496 37540
3497 35048
3498 32158
3499 34978
3500 32612
3501 33810
3502 35212
3503 32780
3504 35672
3505 34578
3506 33352
3507 36974
3508 33306
3509 35586
3510 37464
3511 31516
3512 35194
3513 35516
3514 29842
3515 36160
3516 34238
3517 30240
3518 39282
3519 35910
3520 31298
3521 41110
3522 35294
3523 34446
3524 39782
3525 33698
3526 38046
3527 39844
3528 30998
3529 35242
3530 37888
3531 31422
3532 35576
3533 34448
3534 31364
3535 36162
3536 32920
3537 31842
3538 37260
3539 34334
3540 34780
3541 34202
3542 31470
3543 35944
3544 33392
3545 31748
3546 36618
3547 32198
3548 32572
3549 35938
3550 30522
3551 31354
3552 37642
3553 32928
3554 34236
3555 36542
3556 31822
3557 37122
3558 35080
3559 31046
3560 39048
3561 34526
3562 29802
3563 35382
3564 32652
3565 33320
3566 37048
3567 32588
3568 34226
3569 35582
3570 29366
3571 31296
3572 34454
3573 30582
3574 34686
3575 30036
3576 29806
3577 34352
3578 28598
3579 29058
3580 34094
3581 29388
3582 31112
3583 30532
3584 26614
3585 30468
3586 30276
3587 29182
3588 34162
3589 30286
3590 30246
3591 33604
3592 26032
3593 28784
3594 35316
3595 28842
3596 30652
3597 33170
3598 29154
3599 32080
3600 29568
3601 29184
3602 34544
3603 31002
3604 29526
3605 32128
3606 29426
3607 29896
3608 31880
3609 27498
3610 31722
3611 31774
3612 25492
3613 28714
3614 30236
3615 27328
3616 32338
3617 28642
3618 28382
3619 31506
3620 25466
3621 26510
3622 29708
3623 24676
3624 28992
3625 29154
3626 24196
3627 27898
3628 26814
3629 25140
3630 29024
3631 24484
3632 26510
3633 30330
3634 24112
3635 27490
3636 31386
3637 26320
3638 31388
3639 28674
3640 24932
3641 33740
3642 26988
3643 25484
3644 33356
3645 27130
3646 28252
3647 31598
3648 25418
3649 30148
3650 30448
3651 24196
3652 31306
3653 28560
3654 24978
3655 32606
3656 26954
3657 24158
3658 31858
3659 25462
3660 25282
3661 29542
3662 23826
3663 26072
3664 27124
3665 23966
3666 27232
3667 25550
3668 23794
3669 28888
3670 23864
3671 24852
3672 30724
3673 24184
3674 28494
3675 30430
3676 24490
3677 28706
3678 30426
3679 25662
3680 30526
3681 28158
3682 24732
3683 33054
3684 25556
3685 22386
3686 33104
3687 24996
3688 25336
3689 29188
3690 23386
3691 27370
3692 29222
3693 23522
3694 28502
3695 29984
3696 23976
3697 26642
3698 23448
3699 20944
3700 27006
3701 20554
3702 22234
3703 25598
3704 19724
3705 24968
3706 24602
3707 21890
3708 28360
3709 25368
3710 25408
3711 26958
3712 21672
3713 23366
3714 27280
3715 20236
3716 25220
3717 27322
3718 20966
3719 26012
3720 26062
3721 20870
3722 28752
3723 26262
3724 22452
3725 29772
3726 24572
3727 23074
3728 28364
3729 23632
3730 24484
3731 26664
3732 20690
3733 22790
3734 22844
3735 18782
3736 22328
3737 22902
3738 19846
3739 22684
3740 21484
3741 20648
3742 24448
3743 19880
3744 24554
3745 23676
3746 17876
3747 23814
3748 19924
3749 17060
3750 24624
3751 20342
3752 20412
3753 24622
3754 19706
3755 21810
3756 25088
3757 16078
3758 23162
3759 25702
3760 17492
3761 25060
3762 24160
3763 19476
3764 25242
3765 19606
3766 19364
3767 24930
3768 17970
3769 18208
3770 21856
3771 16996
3772 20392
3773 21566
3774 17470
3775 23770
3776 21258
3777 17922
3778 22908
3779 18460
3780 19776
3781 22640
3782 16172
3783 20176
3784 21540
3785 16082
3786 20400
3787 19532
3788 17098
3789 23198
3790 18284
3791 17558
3792 25204
3793 18148
3794 18390
3795 23402
3796 17286
3797 18778
3798 21540
3799 14832
3800 19806
3801 20932
3802 15828
3803 19730
3804 17922
3805 17014
3806 22630
3807 17686
3808 18590
3809 24136
3810 16012
3811 17824
3812 19962
3813 13640
3814 19258
3815 17124
3816 13688
3817 21006
3818 15996
3819 16148
3820 21456
3821 16082
3822 18258
3823 21054
3824 12766
3825 16712
3826 19238
3827 12058
3828 17936
3829 17850
3830 14084
3831 20622
3832 15264
3833 14648
3834 21924
3835 14662
3836 16564
3837 19982
3838 12508
3839 16140
3840 16904
3841 11342
3842 18418
3843 17098
3844 15304
3845 18406
3846 14994
3847 14926
3848 18792
3849 13976
3850 15564
3851 20142
3852 12996
3853 16004
3854 16216
3855 11012
3856 17750
3857 15484
3858 12070
3859 18198
3860 14700
3861 13242
3862 17702
3863 13578
3864 15338
3865 18552
3866 12420
3867 15552
3868 16710
3869 10572
3870 14612
3871 13300
3872 10080
3873 16874
3874 11828
3875 11106
3876 18398
3877 11526
3878 15032
3879 16546
3880 11388
3881 16270
3882 14170
3883 9024
3884 14890
3885 12758
3886 9680
3887 15996
3888 11728
3889 11044
3890 16554
3891 9600
3892 12858
3893 14400
3894 9266
3895 14572
3896 11976
3897 9160
3898 15302
3899 11784
3900 11148
3901 14750
3902 11074
3903 11922
3904 14796
3905 9442
3906 12130
3907 14568
3908 10018
3909 14236
3910 13348
3911 10578
3912 15362
3913 10796
3914 11168
3915 16210
3916 11304
3917 12782
3918 17314
3919 10682
3920 12570
3921 16000
3922 9190
3923 12168
3924 13910
3925 7862
3926 12202
3927 11394
3928 8786
3929 13658
3930 10318
3931 10854
3932 14208
3933 9614
3934 11544
3935 13024
3936 7794
3937 11398
3938 10648
3939 7148
3940 12482
3941 9990
3942 9810
3943 13952
3944 9434
3945 13060
3946 13844
3947 8236
3948 14144
3949 13362
3950 6210
3951 12010
3952 10720
3953 7150
3954 12616
3955 9348
3956 10018
3957 15674
3958 9778
3959 12420
3960 14672
3961 8340
3962 11118
3963 12460
3964 6946
3965 9674
3966 10540
3967 5994
3968 8652
3969 7634
3970 7272
3971 11352
3972 9056
3973 9014
3974 11100
3975 10078
3976 10072
3977 9264
3978 8362
3979 11394
3980 8694
3981 6356
3982 10162
3983 6924
3984 8316
3985 11364
3986 6782
3987 10268
3988 11728
3989 7260
3990 11714
3991 11982
3992 5982
3993 12014
3994 10360
3995 5808
3996 10734
3997 7234
3998 6034
3999 10286
4000 4880
4001 6022
4002 10146
4003 5012
4004 6356
4005 7720
4006 5624
4007 8292
4008 6922
4009 6174
4010 8014
4011 5708
4012 6882
4013 7912
4014 5150
4015 6084
4016 6536
4017 5136
4018 6244
4019 4334
4020 6106
4021 8724
4022 5142
4023 6890
4024 9808
4025 5978
4026 8474
4027 8822
4028 4732
4029 8810
4030 8564
4031 4426
4032 7446
4033 7592
4034 3744
4035 6660
4036 6166
4037 5070
4038 8396
4039 5200
4040 6034
4041 8980
4042 5406
4043 6744
4044 7868
4045 5258
4046 6052
4047 5884
4048 4142
4049 5674
4050 4458
4051 4388
4052 5638
4053 3686
4054 5896
4055 6162
4056 4382
4057 7506
4058 5656
4059 4186
4060 7490
4061 4558
4062 4070
4063 7018
4064 3258
4065 4076
4066 5824
4067 2886
4068 5828
4069 6284
4070 3810
4071 8094
4072 6224
4073 3694
4074 7346
4075 4730
4076 3134
4077 5964
4078 3022
4079 4122
4080 5862
4081 2734
4082 5580
4083 6882
4084 4320
4085 6674
4086 5664
4087 3948
4088 6180
4089 4150
4090 3150
4091 5616
4092 3216
4093 3340
4094 4798
4095 2736
4096 5004
4097 5918
4098 3976
4099 6510
4100 5898
4101 5022
4102 6590
4103 4108
4104 3328
4105 5574
4106 2606
4107 2562
4108 4772
4109 2448
4110 4426
4111 4928
4112 2946
4113 6952
4114 5398
4115 3024
4116 5640
4117 4814
4118 2688
4119 4956
4120 3304
4121 3284
4122 5488
4123 1946
4124 3156
4125 4342
4126 1642
4127 3668
4128 4068
4129 2128
4130 4524
4131 3896
4132 3232
4133 4852
4134 3006
4135 4132
4136 4648
4137 2286
4138 3178
4139 3166
4140 1816
4141 2462
4142 2388
4143 2086
4144 3474
4145 2352
4146 3586
4147 4628
4148 2378
4149 4330
4150 4638
4151 2620
4152 4390
4153 3892
4154 1910
4155 3408
4156 2846
4157 1370
4158 2790
4159 2682
4160 1540
4161 2672
4162 2098
4163 2654
4164 4416
4165 2230
4166 3358
4167 3984
4168 2660
4169 3324
4170 2924
4171 1854
4172 2208
4173 2144
4174 1714
4175 1940
4176 1690
4177 3094
4178 3266
4179 2022
4180 3628
4181 3388
4182 2508
4183 4104
4184 2528
4185 2044
4186 3724
4187 1810
4188 1892
4189 2588
4190 1194
4191 2388
4192 2154
4193 1128
4194 2846
4195 2538
4196 1478
4197 3122
4198 1904
4199 1332
4200 2374
4201 1128
4202 1428
4203 1808
4204 662
4205 1576
4206 1446
4207 1126
4208 2262
4209 1678
4210 2094
4211 3020
4212 1552
4213 2272
4214 2544
4215 924
4216 1682
4217 1380
4218 752
4219 2642
4220 2016
4221 1158
4222 3204
4223 2464
4224 1948
4225 4042
4226 2400
4227 1578
4228 3230
4229 1436
4230 1000
4231 1492
4232 684
4233 1530
4234 1572
4235 644
4236 1948
4237 2268
4238 884
4239 1802
4240 1244
4241 1180
4242 1656
4243 374
4244 1000
4245 1140
4246 256
4247 966
4248 988
4249 286
4250 1658
4251 804
4252 442
4253 2086
4254 528
4255 1094
4256 1702
4257 280
4258 1052
4259 1032
4260 222
4261 1354
4262 1136
4263 378
4264 2202
4265 1168
4266 418
4267 1712
4268 772
4269 368
4270 892
4271 258
4272 178
4273 672
4274 264
4275 586
4276 1082
4277 470
4278 1010
4279 1284
4280 364
4281 578
4282 426
4283 326
4284 424
4285 46
4286 464
4287 560
4288 40
4289 382
4290 506
4291 72
4292 1084
4293 540
4294 56
4295 1592
4296 464
4297 214
4298 934
4299 140
4300 252
4301 406
4302 6
4303 198
4304 554
4305 0
4306 714
4307 542
4308 0
4309 700
4310 244
4311 0
4312 138
4313 30
4314 0
4315 88
4316 0
4317 10
4318 182
4319 0
4320 76
4321 84
4322 0
4323 58
4324 22
4325 0
4326 0
4327 0
4328 0
4329 16
4330 0
4331 14
4332 58
4333 0
4334 146
4335 78
4336 0
4337 306
4338 94
4339 0
4340 118
4341 26
4342 0
4343 8
4344 0
4345 0
4346 96
4347 0
4348 98
4349 158
4350 0
4351 156
4352 68
4353 0
4354 26
4355 6
4356 0
4357 0
4358 0
4359 0
4360 32
4361 0
4362 0
4363 16
4364 0
4365 0
4366 0
4367 0
4368 0
4369 0
4370 0
4371 0
4372 0
4373 0
4374 0
4375 0
4376 0
4377 0
4378 0
4379 0
4380 0
4381 0
4382 0
4383 0
4384 0
4385 0
4386 0
4387 0
4388 0
4389 0
4390 0
4391 0
4392 0
4393 0
4394 0
4395 0
4396 0
4397 0
4398 0
4399 0
4400 0
4401 0
4402 0
4403 0
4404 0
4405 0
4406 0
4407 0
4408 0
4409 0
4410 0
4411 0
4412 0
4413 0
4414 0
4415 0
4416 0
4417 0
4418 0
4419 0
4420 0
4421 0
4422 0
4423 0
4424 0
4425 0
4426 0
4427 0
4428 0
4429 0
4430 0
4431 0
4432 0
4433 0
4434 0
4435 0
4436 0
4437 0
4438 0
4439 0
4440 0
4441 0
4442 0
4443 0
4444 0
4445 0
4446 0
4447 0
4448 0
4449 0
4450 0
4451 0
4452 0
4453 0
4454 0
4455 0
4456 0
4457 0
4458 0
4459 0
4460 0
4461 0
4462 0
4463 0
4464 0
4465 0
4466 0
4467 0
4468 0
4469 0
4470 0
4471 0
4472 0
4473 0
4474 0
4475 0
4476 0
4477 0
4478 0
4479 0
4480 0
4481 0
4482 0
4483 0
4484 0
4485 0
4486 0
4487 0
4488 0
4489 0
4490 0
4491 0
4492 0
4493 0
4494 0
4495 0
4496 0
4497 0
4498 0
4499 0
4500 0
4501 0
4502 0
4503 0
4504 0
4505 0
4506 0
4507 0
4508 0
4509 0
4510 0
4511 0
4512 0
4513 0
4514 0
4515 0
4516 0
4517 0
4518 0
4519 0
4520 0
4521 0
4522 0
4523 0
4524 0
4525 0
4526 0
4527 0
4528 0
4529 0
4530 0
4531 0
4532 0
4533 0
4534 0
4535 0
4536 0
4537 0
4538 0
4539 0
4540 0
4541 0
4542 0
4543 0
4544 0
4545 0
4546 0
4547 0
4548 0
4549 0
4550 0
4551 0
4552 0
4553 0
4554 0
4555 0
4556 0
4557 0
4558 0
4559 0
4560 0
4561 0
4562 0
4563 0
4564 0
4565 0
4566 0
4567 0
4568 0
4569 0
4570 0
4571 0
4572 0
4573 0
4574 0
4575 0
4576 0
4577 0
4578 0
4579 0
4580 0
4581 0
4582 0
4583 0
4584 0
4585 0
4586 0
4587 0
4588 0
4589 0
4590 0
4591 0
4592 0
4593 0
4594 0
4595 0
4596 0
4597 0
4598 0
4599 0
4600 0
4601 0
4602 0
4603 0
4604 0
4605 0
4606 0
4607 0
4608 0
4609 0
4610 0
4611 0
4612 0
4613 0
4614 0
4615 0
4616 0
4617 0
4618 0
4619 0
4620 0
4621 0
4622 0
4623 0
4624 0
4625 0
4626 0
4627 0
4628 0
4629 0
4630 0
4631 0
4632 0
4633 0
4634 0
4635 0
4636 0
4637 0
4638 0
4639 0
4640 0
4641 0
4642 0
4643 0
4644 0
4645 0
4646 0
4647 0
4648 0
4649 0
4650 0
4651 0
4652 0
4653 0
4654 0
4655 0
4656 0
4657 0
4658 0
4659 0
4660 0
4661 0
4662 0
4663 0
4664 0
4665 0
4666 0
4667 0
4668 0
4669 0
4670 0
4671 0
4672 0
4673 0
4674 0
4675 0
4676 0
4677 0
4678 0
4679 0
4680 0
4681 0
4682 0
4683 0
4684 0
4685 0
4686 0
4687 0
4688 0
4689 0
4690 0
4691 0
4692 0
4693 0
4694 0
4695 0
4696 0
4697 0
4698 0
4699 0
4700 0
4701 0
4702 0
4703 0
4704 0
4705 0
4706 0
4707 0
4708 0
4709 0
4710 0
4711 0
4712 0
4713 0
4714 0
4715 0
4716 0
4717 0
4718 0
4719 0
4720 0
4721 0
4722 0
4723 0
4724 0
4725 0
4726 0
4727 0
4728 0
4729 0
4730 0
4731 0
4732 0
4733 0
4734 0
4735 0
4736 0
4737 0
4738 0
4739 0
4740 0
4741 0
4742 0
4743 0
4744 0
4745 0
4746 0
4747 0
4748 0
4749 0
4750 0
4751 0
4752 0
4753 0
4754 0
4755 0
4756 0
4757 0
4758 0
4759 0
4760 0
4761 0
4762 0
4763 0
4764 0
4765 0
4766 0
4767 0
4768 0
4769 0
4770 0
4771 0
4772 0
4773 0
4774 0
4775 0
4776 0
4777 0
4778 0
4779 0
4780 0
4781 0
4782 0
4783 0
4784 0
4785 0
4786 0
4787 0
4788 0
4789 0
4790 0
4791 0
4792 0
4793 0
4794 0
4795 0
4796 0
4797 0
4798 0
4799 0
4800 0
4801 0
4802 0
4803 0
4804 0
4805 0
4806 0
4807 0
4808 0
4809 0
4810 0
4811 0
4812 0
4813 0
4814 0
4815 0
4816 0
4817 0
4818 0
4819 0
4820 0
4821 0
4822 0
4823 0
4824 0
4825 0
4826 0
4827 0
4828 0
4829 0
4830 0
4831 0
4832 0
4833 0
4834 0
4835 0
4836 0
4837 0
4838 0
4839 0
4840 0
4841 0
4842 0
4843 0
4844 0
4845 0
4846 0
4847 0
4848 0
4849 0
4850 0
4851 0
4852 0
4853 0
4854 0
4855 0
4856 0
4857 0
4858 0
4859 0
4860 0
4861 0
4862 0
4863 0
4864 0
4865 0
4866 0
4867 0
4868 0
4869 0
4870 0
4871 0
4872 0
4873 0
4874 0
4875 0
4876 0
4877 0
4878 0
4879 0
4880 0
4881 0
4882 0
4883 0
4884 0
4885 0
4886 0
4887 0
4888 0
4889 0
4890 0
4891 0
4892 0
4893 0
4894 0
4895 0
4896 0
4897 0
4898 0
4899 0
4900 0
4901 0
4902 0
4903 0
4904 0
4905 0
4906 0
4907 0
4908 0
4909 0
4910 0
4911 0
4912 0
4913 0
4914 0
4915 0
4916 0
4917 0
4918 0
4919 0
4920 0
4921 0
4922 0
4923 0
4924 0
4925 0
4926 0
4927 0
4928 0
4929 0
4930 0
4931 0
4932 0
4933 0
4934 0
4935 0
4936 0
4937 0
4938 0
4939 0
4940 0
4941 0
4942 0
4943 0
4944 0
4945 0
4946 0
4947 0
4948 0
4949 0
4950 0
4951 0
4952 0
4953 0
4954 0
4955 0
4956 0
4957 0
4958 0
4959 0
4960 0
4961 0
4962 0
4963 0
4964 0
4965 0
4966 0
4967 0
4968 0
4969 0
4970 0
4971 0
4972 0
4973 0
4974 0
4975 0
4976 0
4977 0
4978 0
4979 0
4980 0
4981 0
4982 0
4983 0
4984 0
4985 0
4986 0
4987 0
4988 0
4989 0
4990 0
4991 0
4992 0
4993 0
4994 0
4995 0
4996 0
4997 0
4998 0
4999 0
5000 0
5001 0
5002 0
5003 0
5004 0
5005 0
5006 0
5007 0
5008 0
5009 0
5010 0
5011 0
5012 0
5013 0
5014 0
5015 0
5016 0
5017 0
5018 0
5019 0
5020 0
5021 0
5022 0
5023 0
5024 0
5025 0
5026 0
5027 0
5028 0
5029 0
5030 0
5031 0
5032 0
5033 0
5034 0
5035 0
5036 0
5037 0
5038 0
5039 0
5040 0
5041 0
5042 0
5043 0
5044 0
5045 0
5046 0
5047 0
5048 0
5049 0
5050 0
5051 0
5052 0
5053 0
5054 0
5055 0
5056 0
5057 0
5058 0
5059 0
5060 0
5061 0
5062 0
5063 0
5064 0
5065 0
5066 0
5067 0
5068 0
5069 0
5070 0
5071 0
5072 0
5073 0
5074 0
5075 0
5076 0
5077 0
5078 0
5079 0
5080 0
5081 0
5082 0
5083 0
5084 0
5085 0
5086 0
5087 0
5088 0
5089 0
5090 0
5091 0
5092 0
5093 0
5094 0
5095 0
5096 0
5097 0
5098 0
5099 0
5100 0
5101 0
5102 0
5103 0
5104 0
5105 0
5106 0
5107 0
5108 0
5109 0
5110 0
5111 0
5112 0
5113 0
5114 0
5115 0
5116 0
5117 0
5118 0
5119 0
5120 0
5121 0
5122 0
5123 0
5124 0
5125 0
5126 0
5127 0
5128 0
5129 0
5130 0
5131 0
5132 0
5133 0
5134 0
5135 0
5136 0
5137 0
5138 0
5139 0
5140 0
5141 0
5142 0
5143 0
5144 0
5145 0
5146 0
5147 0
5148 0
5149 0
5150 0
5151 0
5152 0
5153 0
5154 0
5155 0
5156 0
5157 0
5158 0
5159 0
5160 0
5161 0
5162 0
5163 0
5164 0
5165 0
5166 0
5167 0
5168 0
5169 0
5170 0
5171 0
5172 0
5173 0
5174 0
5175 0
5176 0
5177 0
5178 0
5179 0
5180 0
5181 0
5182 0
5183 0
5184 0
5185 0
5186 0
5187 0
5188 0
5189 0
5190 0
5191 0
5192 0
5193 0
5194 0
5195 0
5196 0
5197 0
5198 0
5199 0
5200 0
5201 0
5202 0
5203 0
5204 0
5205 0
5206 0
5207 0
5208 0
5209 0
5210 0
5211 0
5212 0
5213 0
5214 0
5215 0
5216 0
5217 0
5218 0
5219 0
5220 0
5221 0
5222 0
5223 0
5224 0
5225 0
5226 0
5227 0
5228 0
5229 0
5230 0
5231 0
5232 0
5233 0
5234 0
5235 0
5236 0
5237 0
5238 0
5239 0
5240 0
5241 0
5242 0
5243 0
5244 0
5245 0
5246 0
5247 0
5248 0
5249 0
5250 0
5251 0
5252 0
5253 0
5254 0
5255 0
5256 0
5257 0
5258 0
5259 0
5260 0
5261 0
5262 0
5263 0
5264 0
5265 0
5266 0
5267 0
5268 0
5269 0
5270 0
5271 0
5272 0
5273 0
5274 0
5275 0
5276 0
5277 0
5278 0
5279 0
5280 0
5281 0
5282 0
5283 0
5284 0
5285 0
5286 0
5287 0
5288 0
5289 0
5290 0
5291 0
5292 0
5293 0
5294 0
5295 0
5296 0
5297 0
5298 0
5299 0
5300 0
5301 0
5302 0
5303 0
5304 0
5305 0
5306 0
5307 0
5308 0
5309 0
5310 0
5311 0
5312 0
5313 0
5314 0
5315 0
5316 0
5317 0
5318 0
5319 0
5320 0
5321 0
5322 0
5323 0
5324 0
5325 0
5326 0
5327 0
5328 0
5329 0
5330 0
5331 0
5332 0
5333 0
5334 0
5335 0
5336 0
5337 0
5338 0
5339 0
5340 0
5341 0
5342 0
5343 0
5344 0
5345 0
5346 0
5347 0
5348 0
5349 0
5350 0
5351 0
5352 0
5353 0
5354 0
5355 0
5356 0
5357 0
5358 0
5359 0
5360 0
5361 0
5362 0
5363 0
5364 0
5365 0
5366 0
5367 0
5368 0
5369 0
5370 0
5371 0
5372 0
5373 0
5374 0
5375 0
5376 0
5377 0
5378 0
5379 0
5380 0
5381 0
5382 0
5383 0
5384 0
5385 0
5386 0
5387 0
5388 0
5389 0
5390 0
5391 0
5392 0
5393 0
5394 0
5395 0
5396 0
5397 0
5398 0
5399 0
5400 0
5401 0
5402 0
5403 0
5404 0
5405 0
5406 0
5407 0
5408 0
5409 0
5410 0
5411 0
5412 0
5413 0
5414 0
5415 0
5416 0
5417 0
5418 0
5419 0
5420 0
5421 0
5422 0
5423 0
5424 0
5425 0
5426 0
5427 0
5428 0
5429 0
5430 0
5431 0
5432 0
5433 0
5434 0
5435 0
5436 0
5437 0
5438 0
5439 0
5440 0
5441 0
5442 0
5443 0
5444 0
5445 0
5446 0
5447 0
5448 0
5449 0
5450 0
5451 0
5452 0
5453 0
5454 0
5455 0
5456 0
5457 0
5458 0
5459 0
5460 0
5461 0
5462 0
5463 0
5464 0
5465 0
5466 0
5467 0
5468 0
5469 0
5470 0
5471 0
5472 0
5473 0
5474 0
5475 0
5476 0
5477 0
5478 0
5479 0
5480 0
5481 0
5482 0
5483 0
5484 0
5485 0
5486 0
5487 0
5488 0
5489 0
5490 0
5491 0
5492 0
5493 0
5494 0
5495 0
5496 0
5497 0
5498 0
5499 0
5500 0
5501 0
5502 0
5503 0
5504 0
5505 0
5506 0
5507 0
5508 0
5509 0
5510 0
5511 0
5512 0
5513 0
5514 0
5515 0
5516 0
5517 0
5518 0
5519 0
5520 0
5521 0
5522 0
5523 0
5524 0
5525 0
5526 0
5527 0
5528 0
5529 0
5530 0
5531 0
5532 0
5533 0
5534 0
5535 0
5536 0
5537 0
5538 0
5539 0
5540 0
5541 0
5542 0
5543 0
5544 0
5545 0
5546 0
5547 0
5548 0
5549 0
5550 0
5551 0
5552 0
5553 0
5554 0
5555 0
5556 0
5557 0
5558 0
5559 0
5560 0
5561 0
5562 0
5563 0
5564 0
5565 0
5566 0
5567 0
5568 0
5569 0
5570 0
5571 0
5572 0
5573 0
5574 0
5575 0
5576 0
5577 0
5578 0
5579 0
5580 0
5581 0
5582 0
5583 0
5584 0
5585 0
5586 0
5587 0
5588 0
5589 0
5590 0
5591 0
5592 0
5593 0
5594 0
5595 0
5596 0
5597 0
5598 0
5599 0
5600 0
5601 0
5602 0
5603 0
5604 0
5605 0
5606 0
5607 0
5608 0
5609 0
5610 0
5611 0
5612 0
5613 0
5614 0
5615 0
5616 0
5617 0
5618 0
5619 0
5620 0
5621 0
5622 0
5623 0
5624 0
5625 0
5626 0
5627 0
5628 0
5629 0
5630 0
5631 0
5632 0
5633 0
5634 0
5635 0
5636 0
5637 0
5638 0
5639 0
5640 0
5641 0
5642 0
5643 0
5644 0
5645 0
5646 0
5647 0
5648 0
5649 0
5650 0
5651 0
5652 0
5653 0
5654 0
5655 0
5656 0
5657 0
5658 0
5659 0
5660 0
5661 0
5662 0
5663 0
5664 0
5665 0
5666 0
5667 0
5668 0
5669 0
5670 0
5671 0
5672 0
5673 0
5674 0
5675 0
5676 0
5677 0
5678 0
5679 0
5680 0
5681 0
5682 0
5683 0
5684 0
5685 0
5686 0
5687 0
5688 0
5689 0
5690 0
5691 0
5692 0
5693 0
5694 0
5695 0
5696 0
5697 0
5698 0
5699 0
5700 0
5701 0
5702 0
5703 0
5704 0
5705 0
5706 0
5707 0
5708 0
5709 0
5710 0
5711 0
5712 0
5713 0
5714 0
5715 0
5716 0
5717 0
5718 0
5719 0
5720 0
5721 0
5722 0
5723 0
5724 0
5725 0
5726 0
5727 0
5728 0
5729 0
5730 0
5731 0
5732 0
5733 0
5734 0
5735 0
5736 0
5737 0
5738 0
5739 0
5740 0
5741 0
5742 0
5743 0
5744 0
5745 0
5746 0
5747 0
5748 0
5749 0
5750 0
5751 0
5752 0
5753 0
5754 0
5755 0
5756 0
5757 0
5758 0
5759 0
5760 0
5761 0
5762 0
5763 0
5764 0
5765 0
5766 0
5767 0
5768 0
5769 0
5770 0
5771 0
5772 0
5773 0
5774 0
5775 0
5776 0
5777 0
5778 0
5779 0
5780 0
5781 0
5782 0
5783 0
5784 0
5785 0
5786 0
5787 0
5788 0
5789 0
5790 0
5791 0
5792 0
5793 0
5794 0
5795 0
5796 0
5797 0
5798 0
5799 0
5800 0
5801 0
5802 0
5803 0
5804 0
5805 0
5806 0
5807 0
5808 0
5809 0
5810 0
5811 0
5812 0
5813 0
5814 0
5815 0
5816 0
5817 0
5818 0
5819 0
5820 0
5821 0
5822 0
5823 0
5824 0
5825 0
5826 0
5827 0
5828 0
5829 0
5830 0
5831 0
5832 0
5833 0
5834 0
5835 0
5836 0
5837 0
5838 0
5839 0
5840 0
5841 0
5842 0
5843 0
5844 0
5845 0
5846 0
5847 0
5848 0
5849 0
5850 0
5851 0
5852 0
5853 0
5854 0
5855 0
5856 0
5857 0
5858 0
5859 0
5860 0
5861 0
5862 0
5863 0
5864 0
5865 0
5866 0
5867 0
5868 0
5869 0
5870 0
5871 0
5872 0
5873 0
5874 0
5875 0
5876 0
5877 0
5878 0
5879 0
5880 0
5881 0
5882 0
5883 0
5884 0
5885 0
5886 0
5887 0
5888 0
5889 0
5890 0
5891 0
5892 0
5893 0
5894 0
5895 0
5896 0
5897 0
5898 0
5899 0
5900 0
5901 0
5902 0
5903 0
5904 0
5905 0
5906 0
5907 0
5908 0
5909 0
5910 0
5911 0
5912 0
5913 0
5914 0
5915 0
5916 0
5917 0
5918 0
5919 0
5920 0
5921 0
5922 0
5923 0
5924 0
5925 0
5926 0
5927 0
5928 0
5929 0
5930 0
5931 0
5932 0
5933 0
5934 0
5935 0
5936 0
5937 0
5938 0
5939 0
5940 0
5941 0
5942 0
5943 0
5944 0
5945 0
5946 0
5947 0
5948 0
5949 0
5950 0
5951 0
5952 0
5953 0
5954 0
5955 0
5956 0
5957 0
5958 0
5959 0
5960 0
5961 0
5962 0
5963 0
5964 0
5965 0
5966 0
5967 0
5968 0
5969 0
5970 0
5971 0
5972 0
5973 0
5974 0
5975 0
5976 0
5977 0
5978 0
5979 0
5980 0
5981 0
5982 0
5983 0
5984 0
5985 0
5986 0
5987 0
5988 0
5989 0
5990 0
5991 0
5992 0
5993 0
5994 0
5995 0
5996 0
5997 0
5998 0
5999 0
