0 0
1 0
2 0
3 0
4 0
5 0
6 0
7 0
8 0
9 0
10 0
11 0
12 0
13 0
14 0
15 0
16 0
17 0
18 0
19 0
20 0
21 0
22 0
23 0
24 0
25 0
26 0
27 0
28 0
29 0
30 0
31 0
32 0
33 0
34 0
35 0
36 0
37 0
38 0
39 0
40 0
41 0
42 0
43 0
44 0
45 0
46 0
47 0
48 0
49 0
50 0
51 0
52 0
53 0
54 0
55 0
56 0
57 0
58 0
59 0
60 0
61 0
62 0
63 0
64 0
65 0
66 0
67 0
68 0
69 0
70 0
71 0
72 0
73 0
74 0
75 0
76 0
77 0
78 0
79 0
80 0
81 0
82 0
83 0
84 0
85 0
86 0
87 0
88 0
89 0
90 0
91 0
92 0
93 0
94 0
95 0
96 0
97 0
98 0
99 0
100 0
101 0
102 0
103 0
104 0
105 0
106 0
107 0
108 0
109 0
110 0
111 0
112 0
113 0
114 0
115 0
116 0
117 0
118 0
119 0
120 0
121 0
122 0
123 0
124 0
125 0
126 0
127 0
128 0
129 0
130 0
131 0
132 0
133 0
134 0
135 0
136 0
137 0
138 0
139 0
140 0
141 0
142 0
143 0
144 0
145 0
146 0
147 0
148 0
149 0
150 0
151 0
152 0
153 0
154 0
155 0
156 0
157 0
158 0
159 0
160 0
161 0
162 0
163 0
164 0
165 0
166 0
167 0
168 0
169 0
170 0
171 0
172 0
173 0
174 0
175 0
176 0
177 0
178 0
179 0
180 0
181 0
182 0
183 0
184 0
185 0
186 0
187 0
188 0
189 0
190 0
191 0
192 0
193 0
194 0
195 0
196 0
197 0
198 0
199 0
200 0
201 0
202 0
203 0
204 0
205 0
206 0
207 0
208 0
209 0
210 0
211 0
212 0
213 0
214 0
215 0
216 0
217 0
218 0
219 0
220 0
221 0
222 0
223 0
224 0
225 0
226 0
227 0
228 0
229 0
230 0
231 0
232 0
233 0
234 0
235 0
236 0
237 0
238 0
239 0
240 0
241 0
242 0
243 0
244 0
245 0
246 0
247 0
248 0
249 0
250 0
251 0
252 0
253 0
254 0
255 0
256 0
257 0
258 0
259 0
260 0
261 0
262 0
263 0
264 0
265 0
266 0
267 0
268 0
269 0
270 0
271 0
272 0
273 0
274 0
275 0
276 0
277 0
278 0
279 0
280 0
281 0
282 0
283 0
284 0
285 0
286 0
287 0
288 0
289 0
290 0
291 0
292 0
293 0
294 0
295 0
296 0
297 0
298 0
299 0
300 0
301 0
302 0
303 0
304 0
305 0
306 0
307 0
308 0
309 0
310 0
311 0
312 0
313 0
314 0
315 0
316 0
317 0
318 0
319 0
320 0
321 0
322 0
323 0
324 0
325 0
326 0
327 0
328 0
329 0
330 0
331 0
332 0
333 0
334 0
335 0
336 0
337 0
338 0
339 0
340 0
341 0
342 0
343 0
344 0
345 0
346 0
347 0
348 0
349 0
350 0
351 0
352 0
353 0
354 0
355 0
356 0
357 0
358 0
359 0
360 0
361 0
362 0
363 0
364 0
365 0
366 0
367 0
368 0
369 0
370 0
371 0
372 0
373 0
374 0
375 0
376 0
377 0
378 0
379 0
380 0
381 0
382 0
383 0
384 0
385 0
386 0
387 0
388 0
389 0
390 0
391 0
392 0
393 0
394 0
395 0
396 0
397 0
398 0
399 0
400 0
401 0
402 0
403 0
404 0
405 0
406 0
407 0
408 0
409 0
410 0
411 0
412 0
413 0
414 0
415 0
416 0
417 0
418 0
419 0
420 0
421 0
422 0
423 0
424 0
425 0
426 0
427 0
428 0
429 0
430 0
431 0
432 0
433 0
434 0
435 0
436 0
437 0
438 0
439 0
440 0
441 0
442 0
443 0
444 0
445 0
446 0
447 0
448 0
449 0
450 0
451 0
452 0
453 0
454 0
455 0
456 0
457 0
458 0
459 0
460 0
461 0
462 0
463 0
464 0
465 0
466 0
467 0
468 0
469 0
470 0
471 0
472 0
473 0
474 0
475 0
476 0
477 0
478 0
479 0
480 0
481 0
482 0
483 0
484 0
485 0
486 0
487 0
488 0
489 0
490 0
491 0
492 0
493 0
494 0
495 0
496 0
497 0
498 0
499 0
500 0
501 0
502 0
503 0
504 0
505 0
506 0
507 0
508 0
509 0
510 0
511 0
512 0
513 0
514 0
515 0
516 0
517 0
518 0
519 0
520 0
521 0
522 0
523 0
524 0
525 0
526 0
527 0
528 0
529 0
530 0
531 0
532 0
533 0
534 0
535 0
536 0
537 0
538 0
539 0
540 0
541 0
542 0
543 0
544 0
545 0
546 0
547 0
548 0
549 0
550 0
551 0
552 0
553 0
554 0
555 0
556 0
557 0
558 0
559 0
560 0
561 0
562 0
563 0
564 0
565 0
566 0
567 0
568 0
569 0
570 0
571 0
572 0
573 0
574 0
575 0
576 0
577 0
578 0
579 0
580 0
581 0
582 0
583 0
584 0
585 0
586 0
587 0
588 0
589 0
590 0
591 0
592 0
593 0
594 0
595 0
596 0
597 0
598 0
599 0
600 0
601 0
602 0
603 0
604 0
605 0
606 0
607 0
608 0
609 0
610 0
611 0
612 0
613 0
614 0
615 0
616 0
617 0
618 0
619 0
620 0
621 0
622 0
623 0
624 0
625 0
626 0
627 0
628 0
629 0
630 0
631 0
632 0
633 0
634 0
635 0
636 0
637 0
638 0
639 0
640 0
641 0
642 0
643 0
644 0
645 0
646 0
647 0
648 0
649 0
650 0
651 0
652 0
653 0
654 0
655 0
656 0
657 0
658 0
659 0
660 0
661 0
662 0
663 0
664 0
665 0
666 0
667 0
668 0
669 0
670 0
671 0
672 0
673 0
674 0
675 0
676 0
677 0
678 0
679 0
680 0
681 0
682 0
683 0
684 0
685 0
686 0
687 0
688 0
689 0
690 0
691 0
692 0
693 0
694 0
695 0
696 0
697 0
698 0
699 0
700 0
701 0
702 0
703 0
704 0
705 0
706 0
707 0
708 0
709 0
710 0
711 0
712 0
713 0
714 0
715 0
716 0
717 0
718 0
719 0
720 0
721 0
722 0
723 0
724 0
725 0
726 0
727 0
728 0
729 0
730 0
731 0
732 0
733 0
734 0
735 0
736 0
737 0
738 0
739 0
740 0
741 0
742 0
743 0
744 0
745 0
746 0
747 0
748 0
749 0
750 0
751 0
752 0
753 0
754 0
755 0
756 0
757 0
758 0
759 0
760 0
761 0
762 0
763 0
764 0
765 0
766 0
767 0
768 0
769 0
770 0
771 0
772 0
773 0
774 0
775 0
776 0
777 0
778 0
779 0
780 0
781 0
782 0
783 0
784 0
785 0
786 0
787 0
788 0
789 0
790 0
791 0
792 0
793 0
794 0
795 0
796 0
797 0
798 0
799 0
800 0
801 0
802 0
803 0
804 0
805 0
806 0
807 0
808 0
809 0
810 0
811 0
812 0
813 0
814 0
815 0
816 0
817 0
818 0
819 0
820 0
821 0
822 0
823 0
824 0
825 0
826 0
827 0
828 0
829 0
830 0
831 0
832 0
833 0
834 0
835 0
836 0
837 0
838 0
839 0
840 0
841 0
842 0
843 0
844 0
845 0
846 0
847 0
848 0
849 0
850 0
851 0
852 0
853 0
854 0
855 0
856 0
857 0
858 0
859 0
860 0
861 0
862 0
863 0
864 0
865 0
866 0
867 0
868 0
869 0
870 0
871 0
872 0
873 0
874 0
875 0
876 0
877 0
878 0
879 0
880 0
881 0
882 0
883 0
884 0
885 0
886 0
887 0
888 0
889 0
890 0
891 0
892 0
893 0
894 0
895 0
896 0
897 0
898 0
899 0
900 0
901 0
902 0
903 0
904 0
905 0
906 0
907 0
908 0
909 0
910 0
911 0
912 0
913 0
914 0
915 0
916 0
917 0
918 0
919 0
920 0
921 0
922 0
923 0
924 0
925 0
926 0
927 0
928 0
929 0
930 0
931 0
932 0
933 0
934 0
935 0
936 0
937 0
938 0
939 0
940 0
941 0
942 0
943 0
944 0
945 0
946 0
947 0
948 0
949 0
950 0
951 0
952 0
953 0
954 0
955 0
956 0
957 0
958 0
959 0
960 0
961 0
962 0
963 0
964 0
965 0
966 0
967 0
968 0
969 0
970 0
971 0
972 0
973 0
974 0
975 0
976 0
977 0
978 0
979 0
980 0
981 0
982 0
983 0
984 0
985 0
986 0
987 0
988 0
989 0
990 0
991 0
992 0
993 0
994 0
995 0
996 0
997 0
998 0
999 0
1000 0
1001 0
1002 0
1003 0
1004 0
1005 0
1006 0
1007 0
1008 0
1009 0
1010 0
1011 0
1012 0
1013 0
1014 0
1015 0
1016 0
1017 0
1018 0
1019 0
1020 0
1021 0
1022 0
1023 0
1024 0
1025 0
1026 0
1027 0
1028 0
1029 0
1030 0
1031 0
1032 0
1033 0
1034 0
1035 0
1036 0
1037 0
1038 0
1039 0
1040 0
1041 0
1042 0
1043 0
1044 0
1045 0
1046 0
1047 0
1048 0
1049 0
1050 0
1051 0
1052 0
1053 0
1054 0
1055 0
1056 0
1057 0
1058 0
1059 0
1060 0
1061 0
1062 0
1063 0
1064 0
1065 0
1066 0
1067 0
1068 0
1069 0
1070 0
1071 0
1072 0
1073 0
1074 0
1075 0
1076 0
1077 0
1078 0
1079 0
1080 0
1081 0
1082 0
1083 0
1084 0
1085 0
1086 0
1087 0
1088 0
1089 0
1090 0
1091 0
1092 0
1093 0
1094 0
1095 0
1096 0
1097 0
1098 0
1099 0
1100 0
1101 0
1102 0
1103 0
1104 0
1105 0
1106 0
1107 0
1108 0
1109 0
1110 0
1111 0
1112 0
1113 0
1114 0
1115 0
1116 0
1117 0
1118 0
1119 0
1120 0
1121 0
1122 0
1123 0
1124 0
1125 0
1126 0
1127 0
1128 0
1129 0
1130 0
1131 0
1132 0
1133 0
1134 0
1135 0
1136 0
1137 0
1138 0
1139 0
1140 0
1141 0
1142 0
1143 0
1144 0
1145 0
1146 0
1147 0
1148 0
1149 0
1150 0
1151 0
1152 0
1153 0
1154 0
1155 0
1156 0
1157 0
1158 0
1159 0
1160 0
1161 0
1162 0
1163 0
1164 0
1165 0
1166 0
1167 0
1168 0
1169 0
1170 0
1171 0
1172 0
1173 0
1174 0
1175 0
1176 0
1177 0
1178 0
1179 0
1180 0
1181 0
1182 0
1183 0
1184 0
1185 0
1186 0
1187 0
1188 0
1189 0
1190 0
1191 0
1192 0
1193 0
1194 0
1195 0
1196 0
1197 0
1198 0
1199 0
1200 0
1201 0
1202 0
1203 0
1204 0
1205 0
1206 0
1207 0
1208 0
1209 0
1210 0
1211 0
1212 0
1213 0
1214 0
1215 0
1216 0
1217 0
1218 0
1219 0
1220 0
1221 0
1222 0
1223 0
1224 0
1225 0
1226 0
1227 0
1228 0
1229 0
1230 0
1231 0
1232 0
1233 0
1234 0
1235 0
1236 0
1237 0
1238 0
1239 0
1240 0
1241 0
1242 0
1243 0
1244 0
1245 0
1246 0
1247 0
1248 0
1249 0
1250 0
1251 0
1252 0
1253 0
1254 0
1255 0
1256 0
1257 0
1258 0
1259 0
1260 0
1261 0
1262 0
1263 0
1264 0
1265 0
1266 0
1267 0
1268 0
1269 0
1270 0
1271 0
1272 0
1273 0
1274 0
1275 0
1276 0
1277 0
1278 0
1279 0
1280 0
1281 0
1282 0
1283 0
1284 0
1285 0
1286 0
1287 0
1288 0
1289 0
1290 0
1291 0
1292 0
1293 0
1294 0
1295 0
1296 0
1297 0
1298 0
1299 0
1300 0
1301 0
1302 0
1303 0
1304 0
1305 0
1306 0
1307 0
1308 0
1309 0
1310 0
1311 0
1312 0
1313 0
1314 0
1315 0
1316 0
1317 0
1318 0
1319 0
1320 0
1321 0
1322 0
1323 0
1324 0
1325 0
1326 0
1327 0
1328 0
1329 0
1330 0
1331 0
1332 0
1333 0
1334 0
1335 0
1336 0
1337 0
1338 0
1339 0
1340 0
1341 0
1342 0
1343 0
1344 0
1345 0
1346 0
1347 0
1348 0
1349 0
1350 0
1351 0
1352 0
1353 0
1354 0
1355 0
1356 0
1357 0
1358 0
1359 0
1360 0
1361 0
1362 0
1363 0
1364 0
1365 0
1366 0
1367 0
1368 0
1369 0
1370 0
1371 0
1372 0
1373 0
1374 0
1375 0
1376 0
1377 0
1378 0
1379 0
1380 0
1381 0
1382 0
1383 0
1384 0
1385 0
1386 0
1387 0
1388 0
1389 0
1390 0
1391 0
1392 0
1393 0
1394 0
1395 0
1396 0
1397 0
1398 0
1399 0
1400 0
1401 0
1402 0
1403 0
1404 0
1405 0
1406 0
1407 0
1408 0
1409 0
1410 0
1411 0
1412 0
1413 0
1414 0
1415 0
1416 0
1417 0
1418 0
1419 0
1420 0
1421 0
1422 0
1423 0
1424 0
1425 0
1426 0
1427 0
1428 0
1429 0
1430 0
1431 0
1432 0
1433 0
1434 0
1435 0
1436 0
1437 0
1438 0
1439 0
1440 0
1441 0
1442 0
1443 0
1444 0
1445 0
1446 0
1447 0
1448 0
1449 0
1450 0
1451 0
1452 0
1453 0
1454 0
1455 0
1456 0
1457 0
1458 0
1459 0
1460 0
1461 0
1462 0
1463 0
1464 0
1465 0
1466 0
1467 0
1468 0
1469 0
1470 0
1471 0
1472 0
1473 0
1474 0
1475 0
1476 0
1477 0
1478 0
1479 0
1480 0
1481 0
1482 0
1483 0
1484 0
1485 0
1486 0
1487 0
1488 0
1489 0
1490 0
1491 0
1492 0
1493 0
1494 0
1495 0
1496 0
1497 0
1498 0
1499 0
1500 0
1501 0
1502 0
1503 0
1504 0
1505 0
1506 0
1507 0
1508 0
1509 0
1510 0
1511 0
1512 0
1513 0
1514 0
1515 0
1516 0
1517 0
1518 0
1519 0
1520 0
1521 0
1522 0
1523 0
1524 0
1525 0
1526 0
1527 0
1528 0
1529 0
1530 0
1531 0
1532 0
1533 0
1534 0
1535 0
1536 0
1537 0
1538 0
1539 0
1540 0
1541 0
1542 0
1543 0
1544 0
1545 0
1546 0
1547 0
1548 0
1549 0
1550 0
1551 0
1552 0
1553 0
1554 0
1555 0
1556 0
1557 0
1558 0
1559 0
1560 0
1561 0
1562 0
1563 0
1564 0
1565 0
1566 0
1567 0
1568 0
1569 0
1570 0
1571 0
1572 0
1573 0
1574 0
1575 0
1576 0
1577 0
1578 0
1579 0
1580 0
1581 0
1582 0
1583 0
1584 0
1585 0
1586 0
1587 0
1588 0
1589 0
1590 0
1591 0
1592 0
1593 0
1594 0
1595 0
1596 0
1597 0
1598 0
1599 0
1600 0
1601 0
1602 0
1603 0
1604 0
1605 0
1606 0
1607 0
1608 0
1609 0
1610 0
1611 0
1612 0
1613 0
1614 49
1615 0
1616 0
1617 0
1618 0
1619 0
1620 0
1621 0
1622 0
1623 0
1624 0
1625 0
1626 0
1627 0
1628 0
1629 0
1630 0
1631 51
1632 0
1633 0
1634 0
1635 0
1636 0
1637 0
1638 0
1639 0
1640 0
1641 0
1642 0
1643 0
1644 0
1645 0
1646 0
1647 0
1648 0
1649 0
1650 0
1651 0
1652 0
1653 0
1654 0
1655 0
1656 0
1657 0
1658 42
1659 0
1660 0
1661 0
1662 0
1663 0
1664 0
1665 0
1666 0
1667 0
1668 0
1669 0
1670 0
1671 0
1672 0
1673 0
1674 0
1675 57
1676 0
1677 0
1678 0
1679 0
1680 52
1681 0
1682 0
1683 0
1684 0
1685 0
1686 39
1687 56
1688 0
1689 0
1690 0
1691 0
1692 0
1693 0
1694 34
1695 0
1696 0
1697 48
1698 0
1699 0
1700 0
1701 0
1702 0
1703 58
1704 46
1705 0
1706 0
1707 0
1708 0
1709 0
1710 0
1711 51
1712 0
1713 0
1714 0
1715 0
1716 0
1717 0
1718 58
1719 42
1720 0
1721 103
1722 46
1723 109
1724 46
1725 50
1726 103
1727 0
1728 0
1729 49
1730 54
1731 0
1732 0
1733 131
1734 172
1735 44
1736 161
1737 178
1738 272
1739 58
1740 147
1741 45
1742 0
1743 141
1744 0
1745 96
1746 0
1747 0
1748 103
1749 53
1750 0
1751 61
1752 0
1753 81
1754 42
1755 149
1756 0
1757 137
1758 0
1759 0
1760 141
1761 0
1762 41
1763 0
1764 0
1765 39
1766 0
1767 0
1768 92
1769 94
1770 0
1771 52
1772 0
1773 38
1774 68
1775 97
1776 97
1777 258
1778 274
1779 493
1780 166
1781 224
1782 107
1783 0
1784 97
1785 97
1786 57
1787 103
1788 0
1789 105
1790 0
1791 42
1792 226
1793 45
1794 0
1795 292
1796 254
1797 381
1798 79
1799 428
1800 253
1801 248
1802 162
1803 268
1804 171
1805 170
1806 354
1807 216
1808 45
1809 586
1810 382
1811 201
1812 226
1813 200
1814 465
1815 55
1816 108
1817 447
1818 188
1819 156
1820 199
1821 281
1822 215
1823 663
1824 204
1825 162
1826 105
1827 105
1828 270
1829 282
1830 358
1831 359
1832 98
1833 514
1834 887
1835 454
1836 191
1837 581
1838 562
1839 318
1840 687
1841 1156
1842 1034
1843 1033
1844 904
1845 1262
1846 980
1847 669
1848 599
1849 921
1850 715
1851 1056
1852 1398
1853 768
1854 716
1855 688
1856 584
1857 680
1858 755
1859 1051
1860 1082
1861 885
1862 1147
1863 692
1864 762
1865 857
1866 599
1867 898
1868 566
1869 1167
1870 453
1871 617
1872 629
1873 507
1874 862
1875 568
1876 312
1877 1214
1878 1156
1879 1649
1880 874
1881 568
1882 1161
1883 1333
1884 1200
1885 1428
1886 996
1887 1785
1888 1447
1889 1019
1890 941
1891 1592
1892 847
1893 1046
1894 1017
1895 1017
1896 733
1897 1162
1898 1034
1899 1329
1900 1467
1901 1107
1902 1520
1903 1780
1904 1114
1905 928
1906 1843
1907 1576
1908 1533
1909 1275
1910 1241
1911 2546
1912 1400
1913 1069
1914 2635
1915 2165
1916 2283
1917 1941
1918 1697
1919 2644
1920 2053
1921 1300
1922 1576
1923 1559
1924 526
1925 1175
1926 1324
1927 1122
1928 1550
1929 1696
1930 712
1931 2033
1932 1232
1933 1796
1934 2393
1935 2185
1936 1098
1937 2009
1938 1173
1939 1375
1940 1637
1941 1931
1942 2325
1943 2551
1944 2322
1945 2087
1946 2184
1947 2304
1948 2260
1949 1974
1950 1388
1951 1468
1952 1939
1953 1666
1954 2017
1955 3181
1956 2492
1957 2663
1958 3833
1959 2663
1960 2349
1961 1990
1962 2571
1963 3519
1964 3062
1965 3917
1966 4266
1967 3392
1968 3900
1969 4775
1970 3556
1971 3722
1972 3757
1973 3324
1974 5063
1975 4556
1976 3890
1977 4800
1978 4125
1979 2766
1980 3039
1981 3198
1982 2822
1983 4036
1984 3337
1985 3197
1986 5212
1987 4094
1988 4274
1989 5004
1990 4007
1991 4158
1992 4143
1993 3511
1994 4283
1995 3408
1996 4623
1997 4750
1998 4433
1999 4600
2000 5416
2001 2738
2002 3532
2003 4492
2004 3658
2005 3768
2006 2926
2007 4365
2008 5398
2009 5359
2010 4333
2011 3586
2012 5006
2013 6834
2014 6500
2015 5370
2016 5833
2017 6200
2018 5146
2019 5325
2020 5352
2021 5117
2022 4973
2023 4489
2024 3725
2025 5390
2026 6246
2027 5569
2028 6183
2029 5918
2030 5330
2031 7292
2032 6175
2033 6480
2034 7164
2035 5829
2036 4605
2037 5815
2038 5754
2039 5689
2040 7946
2041 7225
2042 6086
2043 5903
2044 4852
2045 7145
2046 6929
2047 5618
2048 6986
2049 9003
2050 5733
2051 5450
2052 5767
2053 5615
2054 6660
2055 6364
2056 6839
2057 6160
2058 6679
2059 6338
2060 6762
2061 6220
2062 5789
2063 7887
2064 5832
2065 5423
2066 6185
2067 5609
2068 7961
2069 8806
2070 7095
2071 8366
2072 10284
2073 9227
2074 6889
2075 7093
2076 8514
2077 10232
2078 7930
2079 8037
2080 11222
2081 11541
2082 9841
2083 12658
2084 13556
2085 9528
2086 9283
2087 10386
2088 9013
2089 11727
2090 10855
2091 11645
2092 12253
2093 9062
2094 11771
2095 13115
2096 12267
2097 12650
2098 13353
2099 13155
2100 15992
2101 14750
2102 11239
2103 13990
2104 14240
2105 11769
2106 12566
2107 11046
2108 12603
2109 14411
2110 11222
2111 15262
2112 16172
2113 13764
2114 17988
2115 16563
2116 10387
2117 13597
2118 14020
2119 12009
2120 12124
2121 13563
2122 15917
2123 16102
2124 11640
2125 13175
2126 14638
2127 15048
2128 14406
2129 15777
2130 12189
2131 16638
2132 15907
2133 13466
2134 14302
2135 14148
2136 14307
2137 15213
2138 15043
2139 17458
2140 18282
2141 15760
2142 16598
2143 17486
2144 15182
2145 15958
2146 17037
2147 17332
2148 19850
2149 15868
2150 16641
2151 19188
2152 16331
2153 18857
2154 21623
2155 18624
2156 19488
2157 18294
2158 14611
2159 19311
2160 22718
2161 18664
2162 21055
2163 21303
2164 17608
2165 20172
2166 19904
2167 17703
2168 21240
2169 19027
2170 19347
2171 22022
2172 19101
2173 19267
2174 22047
2175 20083
2176 19892
2177 21394
2178 18831
2179 17187
2180 22731
2181 20480
2182 21600
2183 22150
2184 23851
2185 21426
2186 19630
2187 19526
2188 19291
2189 20893
2190 18780
2191 18156
2192 21378
2193 20171
2194 23559
2195 25513
2196 22647
2197 26335
2198 27316
2199 23382
2200 18095
2201 21471
2202 25703
2203 27539
2204 25016
2205 24912
2206 28979
2207 24290
2208 25032
2209 31315
2210 29097
2211 30154
2212 32131
2213 28400
2214 31517
2215 34698
2216 30420
2217 33244
2218 34602
2219 31531
2220 31661
2221 29164
2222 23969
2223 31491
2224 32337
2225 30477
2226 40214
2227 32924
2228 33400
2229 40481
2230 32753
2231 30644
2232 31476
2233 30934
2234 36116
2235 32952
2236 37081
2237 40143
2238 35424
2239 34135
2240 37768
2241 33579
2242 28762
2243 33288
2244 34871
2245 33382
2246 34793
2247 33369
2248 38346
2249 40678
2250 32320
2251 34436
2252 37422
2253 36745
2254 39426
2255 35002
2256 35583
2257 44431
2258 34862
2259 31007
2260 40772
2261 40745
2262 41999
2263 39578
2264 36723
2265 43804
2266 43973
2267 41797
2268 47558
2269 43621
2270 46005
2271 46140
2272 35341
2273 37999
2274 47956
2275 46826
2276 44422
2277 48821
2278 44455
2279 46717
2280 50891
2281 48233
2282 50850
2283 52251
2284 45476
2285 51036
2286 49923
2287 47360
2288 57441
2289 54874
2290 51940
2291 51611
2292 44703
2293 40016
2294 49940
2295 53846
2296 56656
2297 50519
2298 45263
2299 49447
2300 52518
2301 45690
2302 56292
2303 57122
2304 50584
2305 44549
2306 47502
2307 44527
2308 52141
2309 51800
2310 54899
2311 53488
2312 51960
2313 49396
2314 46193
2315 49731
2316 55487
2317 56870
2318 56012
2319 57315
2320 54148
2321 54070
2322 47918
2323 59590
2324 62699
2325 53977
2326 54892
2327 59718
2328 55905
2329 62897
2330 66036
2331 66916
2332 64571
2333 65671
2334 60954
2335 59641
2336 57929
2337 61772
2338 72711
2339 60454
2340 61738
2341 72747
2342 64199
2343 75733
2344 73254
2345 72493
2346 80534
2347 68792
2348 68340
2349 78091
2350 73753
2351 79829
2352 79896
2353 67727
2354 72746
2355 75687
2356 57828
2357 67492
2358 75895
2359 67609
2360 74673
2361 75092
2362 79049
2363 85765
2364 72426
2365 77853
2366 84078
2367 73686
2368 80620
2369 83160
2370 81949
2371 86646
2372 79863
2373 72536
2374 83156
2375 78369
2376 75538
2377 76492
2378 74437
2379 78054
2380 88012
2381 82506
2382 90522
2383 91873
2384 86600
2385 86888
2386 89543
2387 80631
2388 95703
2389 92293
2390 83796
2391 93733
2392 97131
2393 97276
2394 106313
2395 95210
2396 98479
2397 105428
2398 82484
2399 97788
2400 104111
2401 103135
2402 119617
2403 109512
2404 102377
2405 106780
2406 95650
2407 88734
2408 99979
2409 102358
2410 105867
2411 99930
2412 91882
2413 112161
2414 120456
2415 112646
2416 114577
2417 116462
2418 106521
2419 93426
2420 100460
2421 98129
2422 110118
2423 108459
2424 105316
2425 116008
2426 98748
2427 91789
2428 104951
2429 99612
2430 109257
2431 116260
2432 106413
2433 109234
2434 111291
2435 104423
2436 100981
2437 112185
2438 112449
2439 105218
2440 99834
2441 99184
2442 110062
2443 110279
2444 112192
2445 119729
2446 118878
2447 114142
2448 113727
2449 117472
2450 116136
2451 115173
2452 129035
2453 118485
2454 108665
2455 125455
2456 112117
2457 108059
2458 121021
2459 122298
2460 129683
2461 121885
2462 108052
2463 120456
2464 141235
2465 127854
2466 134525
2467 137499
2468 137601
2469 144960
2470 127517
2471 119317
2472 146091
2473 140552
2474 126491
2475 129037
2476 135971
2477 139833
2478 132947
2479 129700
2480 148291
2481 149971
2482 135904
2483 147899
2484 146662
2485 145968
2486 150342
2487 136307
2488 143274
2489 145290
2490 140586
2491 146153
2492 141893
2493 135974
2494 154382
2495 152033
2496 156424
2497 163645
2498 159655
2499 160229
2500 167338
2501 151510
2502 161695
2503 167081
2504 158449
2505 164602
2506 179107
2507 159420
2508 167573
2509 167915
2510 172997
2511 184339
2512 160310
2513 163273
2514 189453
2515 175568
2516 186994
2517 194729
2518 181852
2519 184675
2520 188914
2521 167976
2522 191365
2523 189894
2524 179664
2525 189087
2526 179283
2527 189450
2528 212408
2529 196138
2530 205251
2531 210794
2532 192895
2533 174276
2534 176332
2535 186429
2536 213860
2537 212744
2538 190041
2539 204665
2540 199892
2541 175679
2542 189301
2543 200761
2544 201156
2545 205778
2546 187075
2547 188789
2548 202399
2549 202216
2550 210561
2551 210564
2552 208227
2553 201113
2554 181365
2555 171441
2556 206932
2557 210429
2558 200443
2559 215711
2560 200414
2561 184682
2562 194609
2563 190072
2564 210403
2565 216783
2566 201522
2567 219769
2568 202490
2569 189194
2570 202628
2571 195382
2572 210099
2573 208000
2574 202038
2575 201519
2576 198379
2577 211192
2578 224471
2579 216883
2580 219362
2581 234108
2582 221080
2583 216362
2584 214554
2585 202486
2586 231604
2587 230949
2588 211286
2589 219814
2590 219819
2591 210034
2592 220498
2593 213669
2594 229317
2595 247005
2596 227974
2597 220905
2598 257401
2599 251579
2600 239030
2601 238515
2602 233386
2603 234866
2604 232268
2605 222799
2606 241377
2607 235775
2608 230424
2609 246518
2610 233951
2611 240561
2612 246990
2613 237605
2614 257997
2615 255859
2616 262771
2617 272083
2618 255012
2619 254684
2620 275066
2621 256634
2622 255687
2623 267354
2624 264367
2625 276915
2626 266222
2627 240704
2628 276422
2629 277011
2630 267900
2631 297030
2632 298313
2633 283897
2634 299691
2635 291286
2636 316806
2637 311005
2638 290015
2639 290591
2640 293547
2641 287123
2642 313788
2643 302718
2644 313101
2645 329184
2646 301940
2647 271737
2648 303177
2649 309062
2650 317100
2651 330488
2652 299550
2653 325903
2654 339637
2655 292191
2656 330536
2657 343940
2658 312931
2659 325530
2660 290769
2661 285420
2662 333226
2663 331181
2664 316789
2665 340859
2666 329859
2667 312891
2668 316945
2669 304611
2670 328736
2671 358451
2672 323953
2673 323222
2674 346386
2675 317576
2676 316202
2677 317210
2678 332178
2679 338142
2680 324888
2681 312319
2682 315190
2683 313497
2684 330207
2685 340507
2686 331845
2687 339912
2688 324997
2689 303082
2690 319011
2691 311642
2692 319652
2693 349447
2694 321552
2695 325455
2696 331637
2697 296868
2698 326330
2699 333497
2700 327854
2701 349431
2702 343162
2703 325565
2704 347261
2705 335841
2706 328986
2707 360377
2708 341925
2709 333153
2710 339831
2711 315238
2712 356696
2713 367805
2714 364798
2715 378641
2716 379312
2717 366046
2718 346955
2719 322933
2720 362394
2721 372058
2722 366001
2723 362422
2724 362638
2725 354629
2726 359207
2727 347747
2728 350883
2729 372529
2730 380320
2731 369648
2732 392279
2733 369106
2734 382372
2735 398193
2736 363732
2737 381776
2738 401915
2739 382363
2740 381744
2741 380520
2742 401637
2743 417780
2744 390546
2745 396640
2746 427421
2747 402149
2748 415518
2749 427733
2750 438215
2751 457244
2752 432534
2753 421082
2754 444879
2755 430623
2756 430766
2757 436630
2758 436690
2759 446185
2760 454133
2761 426432
2762 447258
2763 447344
2764 444018
2765 474863
2766 457687
2767 452125
2768 478991
2769 466373
2770 485890
2771 504081
2772 477281
2773 479808
2774 451350
2775 428950
2776 465351
2777 462126
2778 452293
2779 501808
2780 480054
2781 451598
2782 496349
2783 489170
2784 494536
2785 557622
2786 502784
2787 502173
2788 524323
2789 468327
2790 482120
2791 513986
2792 489983
2793 506617
2794 492832
2795 441034
2796 483208
2797 488414
2798 481055
2799 526535
2800 523581
2801 495516
2802 506186
2803 469921
2804 472004
2805 505014
2806 494610
2807 491122
2808 482851
2809 475996
2810 483019
2811 460592
2812 459449
2813 479536
2814 484759
2815 481643
2816 493930
2817 457929
2818 488998
2819 515020
2820 489092
2821 528379
2822 513295
2823 480546
2824 509030
2825 448531
2826 466794
2827 539924
2828 490188
2829 498773
2830 536454
2831 507577
2832 461371
2833 500674
2834 490915
2835 521677
2836 528763
2837 490111
2838 523500
2839 519759
2840 486023
2841 500371
2842 514170
2843 511111
2844 520442
2845 482660
2846 486929
2847 513839
2848 513279
2849 503674
2850 533149
2851 540657
2852 537606
2853 522360
2854 510133
2855 523489
2856 545125
2857 538422
2858 538053
2859 512246
2860 552422
2861 531697
2862 499671
2863 543283
2864 562468
2865 579821
2866 566817
2867 558007
2868 591484
2869 605013
2870 581798
2871 601341
2872 622150
2873 603603
2874 589213
2875 578816
2876 579291
2877 604274
2878 602141
2879 602526
2880 604805
2881 585550
2882 603640
2883 593947
2884 602763
2885 656904
2886 621558
2887 615407
2888 620803
2889 593317
2890 629119
2891 622488
2892 589612
2893 622395
2894 618279
2895 592961
2896 624032
2897 656890
2898 672319
2899 702730
2900 666437
2901 635554
2902 674799
2903 647005
2904 657023
2905 696011
2906 693238
2907 692189
2908 665467
2909 622859
2910 645270
2911 681952
2912 650845
2913 675834
2914 663652
2915 656209
2916 678952
2917 657215
2918 649556
2919 714972
2920 688169
2921 666492
2922 664134
2923 638051
2924 662278
2925 651766
2926 607603
2927 659251
2928 687661
2929 610043
2930 612332
2931 630285
2932 645113
2933 672060
2934 664401
2935 686024
2936 726856
2937 661642
2938 610756
2939 642869
2940 642526
2941 646889
2942 651326
2943 639263
2944 674018
2945 675625
2946 632519
2947 655039
2948 679715
2949 689800
2950 686880
2951 645593
2952 663891
2953 694866
2954 628372
2955 679450
2956 716724
2957 676947
2958 650630
2959 627921
2960 585320
2961 642560
2962 642429
2963 637833
2964 698857
2965 660294
2966 666180
2967 696489
2968 641609
2969 663280
2970 720652
2971 684129
2972 687040
2973 682177
2974 660139
2975 677688
2976 667550
2977 683742
2978 737893
2979 718843
2980 683181
2981 690163
2982 720769
2983 711439
2984 738640
2985 755006
2986 771033
2987 776660
2988 725047
2989 732278
2990 739067
2991 747925
2992 735996
2993 705300
2994 723043
2995 720152
2996 697118
2997 732819
2998 743693
2999 770392
3000 773142
3001 759698
3002 745815
3003 766095
3004 800869
3005 789742
3006 770796
3007 782166
3008 783858
3009 760160
3010 740853
3011 767548
3012 787744
3013 806655
3014 794603
3015 774211
3016 821294
3017 800268
3018 807030
3019 855097
3020 844089
3021 858287
3022 855633
3023 803913
3024 847702
3025 847942
3026 810406
3027 843929
3028 834947
3029 804792
3030 808146
3031 827683
3032 839656
3033 863555
3034 854197
3035 847647
3036 839351
3037 808248
3038 807895
3039 822035
3040 811826
3041 845279
3042 838127
3043 794599
3044 788131
3045 816983
3046 809638
3047 822649
3048 825134
3049 836567
3050 865133
3051 803244
3052 778900
3053 854843
3054 853711
3055 846351
3056 834490
3057 805510
3058 861509
3059 836337
3060 772453
3061 854747
3062 899513
3063 845827
3064 823139
3065 815552
3066 803637
3067 813778
3068 815566
3069 833478
3070 904539
3071 866617
3072 805871
3073 826062
3074 774448
3075 778218
3076 804526
3077 789138
3078 784316
3079 786392
3080 769177
3081 805669
3082 817851
3083 822155
3084 833752
3085 831794
3086 802475
3087 795697
3088 783194
3089 826617
3090 823864
3091 814680
3092 851346
3093 855693
3094 761449
3095 783449
3096 817244
3097 831316
3098 876744
3099 858084
3100 893716
3101 923573
3102 825837
3103 845026
3104 905484
3105 877681
3106 854544
3107 837514
3108 821517
3109 837632
3110 835637
3111 805122
3112 860719
3113 923044
3114 845651
3115 824202
3116 838579
3117 839574
3118 867295
3119 885811
3120 858272
3121 904017
3122 896230
3123 831978
3124 812343
3125 847215
3126 857980
3127 861551
3128 843930
3129 851532
3130 912788
3131 898609
3132 867280
3133 942215
3134 965434
3135 956780
3136 905372
3137 916072
3138 966768
3139 984681
3140 955606
3141 965927
3142 951573
3143 940486
3144 920992
3145 881546
3146 943072
3147 974930
3148 907823
3149 910920
3150 938640
3151 922075
3152 935985
3153 961552
3154 949096
3155 950869
3156 931154
3157 920598
3158 924106
3159 905059
3160 914623
3161 929276
3162 884370
3163 894524
3164 939695
3165 924324
3166 909985
3167 949502
3168 1010933
3169 998377
3170 966219
3171 969917
3172 966918
3173 959755
3174 945832
3175 974190
3176 969327
3177 1020435
3178 974913
3179 928287
3180 944562
3181 974297
3182 939902
3183 919194
3184 980051
3185 974416
3186 941244
3187 923463
3188 941776
3189 966361
3190 979725
3191 935666
3192 942273
3193 911316
3194 878880
3195 899046
3196 911366
3197 919959
3198 964702
3199 955829
3200 888225
3201 870631
3202 912991
3203 872875
3204 904313
3205 931659
3206 957441
3207 980776
3208 897411
3209 909219
3210 978190
3211 989293
3212 944018
3213 957294
3214 938642
3215 944100
3216 894218
3217 903775
3218 965137
3219 1009844
3220 960452
3221 928534
3222 955619
3223 944769
3224 924055
3225 951503
3226 1006134
3227 1024590
3228 938565
3229 899393
3230 882517
3231 892031
3232 887643
3233 939008
3234 932349
3235 924537
3236 950500
3237 898512
3238 919673
3239 955762
3240 920710
3241 982073
3242 943173
3243 906286
3244 973723
3245 960496
3246 932222
3247 1036437
3248 1017373
3249 957317
3250 987019
3251 930735
3252 930715
3253 1039922
3254 971316
3255 1015602
3256 1098395
3257 1035762
3258 1022842
3259 1046484
3260 983660
3261 1058942
3262 975623
3263 919846
3264 991541
3265 991582
3266 949077
3267 1022406
3268 1005776
3269 1007880
3270 1034604
3271 944884
3272 961932
3273 1026075
3274 943969
3275 1015659
3276 977906
3277 960749
3278 1036611
3279 964831
3280 939520
3281 1044522
3282 989573
3283 1009629
3284 1032476
3285 969358
3286 1029714
3287 1072892
3288 997577
3289 1078155
3290 1124768
3291 1056816
3292 1045912
3293 1045992
3294 1040421
3295 1039371
3296 992569
3297 1018329
3298 1040540
3299 1013888
3300 989878
3301 985329
3302 1039231
3303 1107496
3304 1056909
3305 1043125
3306 1045395
3307 1008129
3308 970257
3309 933967
3310 954645
3311 1034236
3312 989625
3313 869878
3314 949199
3315 973123
3316 886136
3317 958356
3318 954012
3319 954322
3320 997328
3321 939749
3322 939730
3323 1025433
3324 1040093
3325 1017876
3326 1028875
3327 979154
3328 973549
3329 946161
3330 865951
3331 934117
3332 1007657
3333 977876
3334 977857
3335 996626
3336 1004324
3337 980691
3338 988304
3339 1039734
3340 966578
3341 1013803
3342 1009316
3343 895990
3344 930412
3345 972214
3346 922136
3347 948993
3348 953942
3349 891102
3350 911406
3351 899352
3352 858366
3353 998506
3354 981016
3355 930352
3356 993581
3357 897030
3358 908972
3359 994219
3360 908831
3361 911174
3362 996619
3363 943720
3364 860330
3365 906860
3366 892596
3367 933455
3368 954034
3369 912369
3370 1044126
3371 1021722
3372 973101
3373 1036906
3374 1027156
3375 1069167
3376 1026511
3377 914266
3378 924444
3379 967051
3380 885305
3381 961661
3382 989593
3383 986295
3384 1020938
3385 928688
3386 909982
3387 1044315
3388 892459
3389 931362
3390 1016016
3391 879293
3392 1001057
3393 1007039
3394 845558
3395 1004611
3396 972403
3397 877529
3398 948378
3399 912229
3400 903690
3401 1028470
3402 930481
3403 970538
3404 1092202
3405 955217
3406 988617
3407 1022024
3408 930831
3409 1037074
3410 998919
3411 912875
3412 1048001
3413 1013115
3414 942385
3415 1016506
3416 991067
3417 1006746
3418 1010064
3419 959110
3420 1013074
3421 1012268
3422 933878
3423 983609
3424 1015647
3425 940747
3426 1019935
3427 958096
3428 883941
3429 976851
3430 933295
3431 936587
3432 943237
3433 904147
3434 960103
3435 904182
3436 865725
3437 981842
3438 976811
3439 951231
3440 1027103
3441 947897
3442 876086
3443 999947
3444 896317
3445 911044
3446 1041127
3447 896110
3448 957673
3449 934458
3450 865030
3451 970971
3452 976024
3453 931855
3454 1037682
3455 962491
3456 911927
3457 973808
3458 926111
3459 914273
3460 993035
3461 959403
3462 927843
3463 903034
3464 867098
3465 877240
3466 845042
3467 882747
3468 944680
3469 871551
3470 873608
3471 892083
3472 878509
3473 957260
3474 872630
3475 875756
3476 965712
3477 861936
3478 792237
3479 903019
3480 847282
3481 890229
3482 970603
3483 810010
3484 891640
3485 972775
3486 773312
3487 897656
3488 1063385
3489 933038
3490 991799
3491 949524
3492 866262
3493 941549
3494 852787
3495 805301
3496 940184
3497 879003
3498 806623
3499 877994
3500 816171
3501 847695
3502 882280
3503 820589
3504 893953
3505 866632
3506 836814
3507 926572
3508 834934
3509 891359
3510 938062
3511 791046
3512 882116
3513 889870
3514 747547
3515 906992
3516 857896
3517 757294
3518 983043
3519 899030
3520 785086
3521 1030189
3522 884263
3523 862920
3524 997079
3525 843291
3526 954453
3527 997716
3528 776335
3529 883415
3530 947772
3531 787479
3532 891860
3533 862454
3534 785750
3535 906203
3536 825192
3537 797613
3538 933229
3539 860173
3540 872104
3541 857955
3542 790006
3543 900553
3544 834098
3545 793695
3546 917268
3547 806805
3548 816325
3549 898892
3550 766007
3551 786308
3552 943648
3553 824354
3554 857498
3555 915700
3556 796284
3557 929361
3558 878230
3559 779339
3560 978519
3561 864326
3562 746992
3563 884853
3564 817801
3565 835725
3566 929496
3567 817246
3568 857235
3569 891356
3570 735648
3571 784175
3572 862261
3573 766943
3574 870128
3575 752125
3576 748265
3577 860862
3578 714786
3579 728589
3580 855306
3581 735421
3582 779576
3583 763540
3584 665710
3585 762615
3586 757981
3587 731807
3588 856319
3589 759448
3590 757739
3591 840783
3592 652221
3593 720758
3594 883559
3595 721759
3596 765920
3597 831091
3598 728428
3599 803044
3600 740910
3601 730054
3602 865077
3603 778592
3604 738936
3605 805088
3606 736773
3607 748207
3608 798833
3609 689184
3610 793198
3611 796830
3612 639269
3613 719317
3614 757810
3615 684741
3616 811635
3617 717427
3618 711031
3619 788853
3620 638377
3621 664399
3622 744254
3623 619805
3624 725394
3625 730428
3626 605662
3627 699251
3628 672507
3629 629646
3630 726010
3631 613700
3632 664653
3633 760513
3634 603404
3635 689030
3636 786716
3637 659019
3638 785153
3639 719211
3640 622664
3641 843398
3642 674101
3643 638934
3644 835854
3645 679639
3646 707320
3647 792309
3648 636542
3649 753309
3650 762105
3651 606518
3652 783873
3653 715497
3654 625332
3655 816808
3656 675129
3657 604814
3658 798087
3659 639219
3660 633827
3661 740867
3662 595907
3663 653210
3664 679169
3665 601484
3666 681757
3667 640056
3668 595375
3669 723261
3670 600154
3671 622012
3672 770110
3673 605565
3674 714299
3675 763048
3676 613420
3677 719249
3678 763181
3679 641918
3680 764791
3681 704809
3682 619783
3683 827909
3684 639926
3685 560742
3686 828789
3687 627483
3688 633751
3689 730958
3690 586352
3691 684910
3692 732536
3693 589383
3694 714312
3695 750678
3696 600778
3697 667090
3698 587838
3699 526407
3700 676541
3701 514006
3702 556569
3703 640848
3704 493609
3705 625974
3706 616405
3707 547599
3708 710223
3709 636441
3710 638433
3711 675600
3712 543232
3713 585511
3714 683743
3715 506969
3716 631210
3717 685670
3718 525923
3719 651665
3720 652529
3721 522338
3722 720647
3723 657196
3724 563259
3725 746936
3726 615336
3727 579888
3728 709629
3729 592244
3730 612782
3731 668828
3732 518638
3733 571437
3734 571624
3735 470749
3736 558907
3737 573941
3738 497357
3739 567881
3740 538467
3741 518334
3742 611931
3743 496714
3744 614569
3745 594107
3746 446673
3747 595768
3748 498850
3749 427079
3750 616900
3751 507783
3752 510166
3753 617628
3754 493786
3755 547718
3756 629085
3757 402633
3758 580193
3759 643855
3760 438196
3761 625985
3762 604581
3763 486704
3764 632964
3765 491628
3766 484962
3767 624965
3768 450494
3769 456645
3770 546353
3771 425616
3772 511032
3773 540798
3774 438972
3775 595555
3776 533599
3777 448363
3778 573053
3779 461335
3780 494947
3781 567627
3782 404613
3783 504561
3784 540122
3785 403399
3786 511175
3787 489310
3788 429523
3789 581431
3790 457684
3791 439716
3792 631198
3793 454958
3794 459519
3795 586794
3796 432617
3797 470118
3798 540186
3799 371797
3800 496384
3801 523579
3802 396715
3803 494260
3804 449341
3805 425883
3806 566727
3807 442461
3808 464573
3809 604692
3810 400574
3811 445593
3812 500704
3813 341795
3814 482842
3815 428779
3816 342658
3817 526702
3818 400452
3819 404298
3820 537921
3821 403097
3822 457187
3823 527816
3824 319565
3825 418307
3826 482387
3827 301965
3828 448778
3829 447900
3830 352039
3831 516151
3832 382921
3833 366574
3834 548574
3835 367288
3836 415689
3837 500367
3838 313542
3839 404991
3840 424235
3841 285665
3842 461018
3843 428980
3844 383957
3845 461705
3846 376761
3847 374052
3848 471583
3849 350917
3850 390421
3851 504445
3852 326065
3853 399957
3854 407555
3855 275837
3856 445354
3857 387979
3858 302658
3859 456272
3860 368344
3861 331755
3862 442715
3863 340570
3864 383739
3865 465166
3866 310610
3867 389497
3868 419038
3869 264538
3870 366902
3871 333645
3872 252285
3873 422401
3874 296334
3875 277417
3876 461108
3877 288779
3878 377282
3879 414347
3880 285107
3881 407247
3882 355114
3883 227013
3884 372941
3885 318823
3886 241621
3887 400831
3888 293747
3889 276641
3890 414474
3891 239919
3892 321394
3893 361075
3894 231451
3895 364969
3896 299352
3897 229362
3898 383260
3899 295342
3900 279150
3901 371121
3902 277403
3903 298764
3904 369854
3905 235865
3906 303189
3907 364628
3908 250763
3909 356178
3910 335014
3911 264631
3912 385153
3913 270320
3914 279825
3915 406173
3916 283354
3917 319726
3918 432610
3919 267316
3920 314133
3921 400808
3922 230152
3923 304167
3924 349192
3925 196903
3926 305408
3927 284837
3928 220280
3929 342251
3930 258252
3931 272381
3932 354382
3933 241081
3934 289244
3935 326405
3936 195445
3937 285625
3938 267860
3939 178887
3940 312817
3941 250155
3942 244995
3943 348296
3944 236269
3945 327005
3946 346213
3947 206685
3948 355250
3949 333915
3950 155846
3951 300629
3952 268520
3953 179113
3954 315808
3955 234125
3956 250768
3957 392689
3958 245630
3959 311139
3960 367477
3961 208275
3962 278374
3963 312294
3964 173804
3965 241892
3966 264699
3967 150134
3968 217332
3969 192312
3970 182051
3971 284535
3972 226830
3973 225692
3974 278059
3975 252655
3976 252284
3977 232743
3978 209902
3979 285727
3980 218166
3981 159324
3982 254693
3983 172574
3984 208592
3985 284588
3986 169648
3987 257234
3988 294726
3989 181447
3990 293466
3991 300516
3992 149421
3993 299994
3994 259237
3995 145491
3996 268063
3997 181968
3998 151592
3999 258889
4000 122832
4001 150694
4002 254482
4003 125868
4004 159666
4005 193325
4006 140355
4007 207563
4008 173194
4009 154174
4010 200281
4011 142360
4012 171965
4013 198423
4014 128740
4015 152407
4016 163408
4017 128204
4018 156515
4019 108844
4020 153150
4021 218006
4022 128312
4023 173061
4024 245756
4025 149989
4026 211950
4027 220162
4028 119186
4029 220274
4030 214459
4031 110762
4032 186243
4033 189533
4034 93952
4035 166927
4036 154438
4037 126675
4038 210484
4039 130618
4040 150929
4041 225583
4042 135516
4043 168998
4044 197017
4045 131773
4046 151740
4047 146995
4048 103395
4049 142315
4050 111665
4051 109733
4052 141501
4053 92297
4054 147970
4055 154405
4056 109922
4057 188205
4058 141943
4059 104790
4060 188033
4061 114053
4062 101716
4063 176273
4064 81381
4065 103022
4066 146119
4067 72011
4068 145340
4069 157234
4070 95443
4071 203051
4072 155584
4073 92372
4074 184177
4075 118348
4076 77867
4077 149078
4078 75657
4079 103179
4080 146531
4081 68567
4082 139774
4083 172559
4084 108135
4085 166611
4086 142082
4087 99360
4088 154664
4089 104209
4090 79077
4091 140808
4092 80120
4093 83384
4094 120459
4095 69068
4096 126111
4097 148092
4098 99437
4099 162980
4100 147933
4101 125757
4102 165798
4103 103338
4104 83111
4105 139489
4106 65222
4107 64267
4108 119418
4109 61221
4110 110543
4111 122543
4112 73646
4113 174355
4114 135302
4115 76044
4116 141479
4117 120729
4118 67084
4119 124004
4120 82818
4121 82214
4122 137411
4123 48921
4124 79516
4125 108846
4126 41225
4127 91596
4128 101451
4129 53509
4130 113233
4131 97195
4132 80828
4133 121358
4134 75041
4135 103047
4136 116329
4137 56994
4138 79253
4139 78908
4140 45646
4141 61824
4142 59785
4143 51697
4144 86615
4145 58768
4146 89763
4147 115276
4148 59561
4149 108436
4150 116254
4151 65607
4152 109771
4153 98123
4154 48384
4155 85432
4156 71315
4157 34578
4158 69565
4159 67352
4160 38668
4161 66680
4162 52164
4163 66357
4164 110898
4165 56039
4166 83970
4167 99960
4168 66515
4169 83345
4170 72654
4171 46683
4172 55663
4173 54112
4174 42736
4175 48552
4176 42647
4177 77526
4178 81631
4179 50877
4180 90414
4181 85009
4182 62689
4183 103419
4184 63465
4185 51446
4186 92872
4187 45565
4188 47387
4189 64687
4190 29904
4191 59973
4192 54089
4193 28449
4194 71481
4195 63330
4196 36968
4197 78367
4198 47564
4199 33538
4200 59112
4201 28475
4202 35970
4203 45213
4204 16412
4205 39561
4206 36054
4207 28116
4208 56364
4209 42267
4210 52362
4211 75454
4212 38854
4213 56860
4214 63490
4215 23171
4216 42079
4217 34735
4218 18653
4219 66559
4220 50480
4221 28815
4222 80255
4223 61694
4224 48509
4225 101017
4226 59926
4227 39502
4228 80492
4229 35796
4230 25199
4231 37072
4232 17175
4233 38411
4234 39786
4235 16192
4236 48602
4237 56620
4238 22150
4239 45684
4240 31241
4241 29668
4242 41537
4243 9116
4244 25033
4245 28496
4246 6467
4247 24288
4248 25023
4249 7173
4250 41678
4251 20230
4252 10894
4253 52618
4254 13041
4255 27448
4256 42286
4257 7103
4258 26660
4259 25848
4260 5505
4261 33899
4262 28387
4263 9415
4264 55228
4265 29082
4266 10535
4267 42858
4268 19157
4269 9031
4270 22564
4271 6596
4272 4488
4273 16931
4274 6700
4275 14742
4276 27198
4277 11700
4278 25337
4279 32055
4280 9130
4281 14539
4282 10781
4283 8097
4284 10539
4285 1141
4286 11542
4287 13954
4288 1089
4289 9456
4290 12574
4291 1868
4292 27244
4293 13511
4294 1410
4295 39837
4296 11865
4297 5302
4298 23611
4299 3535
4300 6205
4301 10209
4302 150
4303 4992
4304 13960
4305 0
4306 17936
4307 13582
4308 0
4309 17471
4310 6174
4311 0
4312 3436
4313 769
4314 0
4315 2199
4316 0
4317 251
4318 4525
4319 0
4320 1850
4321 2028
4322 0
4323 1407
4324 555
4325 0
4326 0
4327 0
4328 0
4329 416
4330 0
4331 312
4332 1470
4333 0
4334 3728
4335 1944
4336 0
4337 7635
4338 2436
4339 0
4340 3042
4341 628
4342 0
4343 210
4344 0
4345 0
4346 2450
4347 0
4348 2444
4349 3997
4350 0
4351 3877
4352 1737
4353 0
4354 695
4355 149
4356 0
4357 0
4358 0
4359 0
4360 772
4361 0
4362 0
4363 399
4364 0
4365 0
4366 0
4367 0
4368 0
4369 0
4370 0
4371 0
4372 0
4373 0
4374 0
4375 0
4376 0
4377 0
4378 0
4379 0
4380 0
4381 0
4382 0
4383 0
4384 0
4385 0
4386 0
4387 0
4388 0
4389 0
4390 0
4391 0
4392 0
4393 0
4394 0
4395 0
4396 0
4397 0
4398 0
4399 0
4400 0
4401 0
4402 0
4403 0
4404 0
4405 0
4406 0
4407 0
4408 0
4409 0
4410 0
4411 0
4412 0
4413 0
4414 0
4415 0
4416 0
4417 0
4418 0
4419 0
4420 0
4421 0
4422 0
4423 0
4424 0
4425 0
4426 0
4427 0
4428 0
4429 0
4430 0
4431 0
4432 0
4433 0
4434 0
4435 0
4436 0
4437 0
4438 0
4439 0
4440 0
4441 0
4442 0
4443 0
4444 0
4445 0
4446 0
4447 0
4448 0
4449 0
4450 0
4451 0
4452 0
4453 0
4454 0
4455 0
4456 0
4457 0
4458 0
4459 0
4460 0
4461 0
4462 0
4463 0
4464 0
4465 0
4466 0
4467 0
4468 0
4469 0
4470 0
4471 0
4472 0
4473 0
4474 0
4475 0
4476 0
4477 0
4478 0
4479 0
4480 0
4481 0
4482 0
4483 0
4484 0
4485 0
4486 0
4487 0
4488 0
4489 0
4490 0
4491 0
4492 0
4493 0
4494 0
4495 0
4496 0
4497 0
4498 0
4499 0
4500 0
4501 0
4502 0
4503 0
4504 0
4505 0
4506 0
4507 0
4508 0
4509 0
4510 0
4511 0
4512 0
4513 0
4514 0
4515 0
4516 0
4517 0
4518 0
4519 0
4520 0
4521 0
4522 0
4523 0
4524 0
4525 0
4526 0
4527 0
4528 0
4529 0
4530 0
4531 0
4532 0
4533 0
4534 0
4535 0
4536 0
4537 0
4538 0
4539 0
4540 0
4541 0
4542 0
4543 0
4544 0
4545 0
4546 0
4547 0
4548 0
4549 0
4550 0
4551 0
4552 0
4553 0
4554 0
4555 0
4556 0
4557 0
4558 0
4559 0
4560 0
4561 0
4562 0
4563 0
4564 0
4565 0
4566 0
4567 0
4568 0
4569 0
4570 0
4571 0
4572 0
4573 0
4574 0
4575 0
4576 0
4577 0
4578 0
4579 0
4580 0
4581 0
4582 0
4583 0
4584 0
4585 0
4586 0
4587 0
4588 0
4589 0
4590 0
4591 0
4592 0
4593 0
4594 0
4595 0
4596 0
4597 0
4598 0
4599 0
4600 0
4601 0
4602 0
4603 0
4604 0
4605 0
4606 0
4607 0
4608 0
4609 0
4610 0
4611 0
4612 0
4613 0
4614 0
4615 0
4616 0
4617 0
4618 0
4619 0
4620 0
4621 0
4622 0
4623 0
4624 0
4625 0
4626 0
4627 0
4628 0
4629 0
4630 0
4631 0
4632 0
4633 0
4634 0
4635 0
4636 0
4637 0
4638 0
4639 0
4640 0
4641 0
4642 0
4643 0
4644 0
4645 0
4646 0
4647 0
4648 0
4649 0
4650 0
4651 0
4652 0
4653 0
4654 0
4655 0
4656 0
4657 0
4658 0
4659 0
4660 0
4661 0
4662 0
4663 0
4664 0
4665 0
4666 0
4667 0
4668 0
4669 0
4670 0
4671 0
4672 0
4673 0
4674 0
4675 0
4676 0
4677 0
4678 0
4679 0
4680 0
4681 0
4682 0
4683 0
4684 0
4685 0
4686 0
4687 0
4688 0
4689 0
4690 0
4691 0
4692 0
4693 0
4694 0
4695 0
4696 0
4697 0
4698 0
4699 0
4700 0
4701 0
4702 0
4703 0
4704 0
4705 0
4706 0
4707 0
4708 0
4709 0
4710 0
4711 0
4712 0
4713 0
4714 0
4715 0
4716 0
4717 0
4718 0
4719 0
4720 0
4721 0
4722 0
4723 0
4724 0
4725 0
4726 0
4727 0
4728 0
4729 0
4730 0
4731 0
4732 0
4733 0
4734 0
4735 0
4736 0
4737 0
4738 0
4739 0
4740 0
4741 0
4742 0
4743 0
4744 0
4745 0
4746 0
4747 0
4748 0
4749 0
4750 0
4751 0
4752 0
4753 0
4754 0
4755 0
4756 0
4757 0
4758 0
4759 0
4760 0
4761 0
4762 0
4763 0
4764 0
4765 0
4766 0
4767 0
4768 0
4769 0
4770 0
4771 0
4772 0
4773 0
4774 0
4775 0
4776 0
4777 0
4778 0
4779 0
4780 0
4781 0
4782 0
4783 0
4784 0
4785 0
4786 0
4787 0
4788 0
4789 0
4790 0
4791 0
4792 0
4793 0
4794 0
4795 0
4796 0
4797 0
4798 0
4799 0
4800 0
4801 0
4802 0
4803 0
4804 0
4805 0
4806 0
4807 0
4808 0
4809 0
4810 0
4811 0
4812 0
4813 0
4814 0
4815 0
4816 0
4817 0
4818 0
4819 0
4820 0
4821 0
4822 0
4823 0
4824 0
4825 0
4826 0
4827 0
4828 0
4829 0
4830 0
4831 0
4832 0
4833 0
4834 0
4835 0
4836 0
4837 0
4838 0
4839 0
4840 0
4841 0
4842 0
4843 0
4844 0
4845 0
4846 0
4847 0
4848 0
4849 0
4850 0
4851 0
4852 0
4853 0
4854 0
4855 0
4856 0
4857 0
4858 0
4859 0
4860 0
4861 0
4862 0
4863 0
4864 0
4865 0
4866 0
4867 0
4868 0
4869 0
4870 0
4871 0
4872 0
4873 0
4874 0
4875 0
4876 0
4877 0
4878 0
4879 0
4880 0
4881 0
4882 0
4883 0
4884 0
4885 0
4886 0
4887 0
4888 0
4889 0
4890 0
4891 0
4892 0
4893 0
4894 0
4895 0
4896 0
4897 0
4898 0
4899 0
4900 0
4901 0
4902 0
4903 0
4904 0
4905 0
4906 0
4907 0
4908 0
4909 0
4910 0
4911 0
4912 0
4913 0
4914 0
4915 0
4916 0
4917 0
4918 0
4919 0
4920 0
4921 0
4922 0
4923 0
4924 0
4925 0
4926 0
4927 0
4928 0
4929 0
4930 0
4931 0
4932 0
4933 0
4934 0
4935 0
4936 0
4937 0
4938 0
4939 0
4940 0
4941 0
4942 0
4943 0
4944 0
4945 0
4946 0
4947 0
4948 0
4949 0
4950 0
4951 0
4952 0
4953 0
4954 0
4955 0
4956 0
4957 0
4958 0
4959 0
4960 0
4961 0
4962 0
4963 0
4964 0
4965 0
4966 0
4967 0
4968 0
4969 0
4970 0
4971 0
4972 0
4973 0
4974 0
4975 0
4976 0
4977 0
4978 0
4979 0
4980 0
4981 0
4982 0
4983 0
4984 0
4985 0
4986 0
4987 0
4988 0
4989 0
4990 0
4991 0
4992 0
4993 0
4994 0
4995 0
4996 0
4997 0
4998 0
4999 0
5000 0
5001 0
5002 0
5003 0
5004 0
5005 0
5006 0
5007 0
5008 0
5009 0
5010 0
5011 0
5012 0
5013 0
5014 0
5015 0
5016 0
5017 0
5018 0
5019 0
5020 0
5021 0
5022 0
5023 0
5024 0
5025 0
5026 0
5027 0
5028 0
5029 0
5030 0
5031 0
5032 0
5033 0
5034 0
5035 0
5036 0
5037 0
5038 0
5039 0
5040 0
5041 0
5042 0
5043 0
5044 0
5045 0
5046 0
5047 0
5048 0
5049 0
5050 0
5051 0
5052 0
5053 0
5054 0
5055 0
5056 0
5057 0
5058 0
5059 0
5060 0
5061 0
5062 0
5063 0
5064 0
5065 0
5066 0
5067 0
5068 0
5069 0
5070 0
5071 0
5072 0
5073 0
5074 0
5075 0
5076 0
5077 0
5078 0
5079 0
5080 0
5081 0
5082 0
5083 0
5084 0
5085 0
5086 0
5087 0
5088 0
5089 0
5090 0
5091 0
5092 0
5093 0
5094 0
5095 0
5096 0
5097 0
5098 0
5099 0
5100 0
5101 0
5102 0
5103 0
5104 0
5105 0
5106 0
5107 0
5108 0
5109 0
5110 0
5111 0
5112 0
5113 0
5114 0
5115 0
5116 0
5117 0
5118 0
5119 0
5120 0
5121 0
5122 0
5123 0
5124 0
5125 0
5126 0
5127 0
5128 0
5129 0
5130 0
5131 0
5132 0
5133 0
5134 0
5135 0
5136 0
5137 0
5138 0
5139 0
5140 0
5141 0
5142 0
5143 0
5144 0
5145 0
5146 0
5147 0
5148 0
5149 0
5150 0
5151 0
5152 0
5153 0
5154 0
5155 0
5156 0
5157 0
5158 0
5159 0
5160 0
5161 0
5162 0
5163 0
5164 0
5165 0
5166 0
5167 0
5168 0
5169 0
5170 0
5171 0
5172 0
5173 0
5174 0
5175 0
5176 0
5177 0
5178 0
5179 0
5180 0
5181 0
5182 0
5183 0
5184 0
5185 0
5186 0
5187 0
5188 0
5189 0
5190 0
5191 0
5192 0
5193 0
5194 0
5195 0
5196 0
5197 0
5198 0
5199 0
5200 0
5201 0
5202 0
5203 0
5204 0
5205 0
5206 0
5207 0
5208 0
5209 0
5210 0
5211 0
5212 0
5213 0
5214 0
5215 0
5216 0
5217 0
5218 0
5219 0
5220 0
5221 0
5222 0
5223 0
5224 0
5225 0
5226 0
5227 0
5228 0
5229 0
5230 0
5231 0
5232 0
5233 0
5234 0
5235 0
5236 0
5237 0
5238 0
5239 0
5240 0
5241 0
5242 0
5243 0
5244 0
5245 0
5246 0
5247 0
5248 0
5249 0
5250 0
5251 0
5252 0
5253 0
5254 0
5255 0
5256 0
5257 0
5258 0
5259 0
5260 0
5261 0
5262 0
5263 0
5264 0
5265 0
5266 0
5267 0
5268 0
5269 0
5270 0
5271 0
5272 0
5273 0
5274 0
5275 0
5276 0
5277 0
5278 0
5279 0
5280 0
5281 0
5282 0
5283 0
5284 0
5285 0
5286 0
5287 0
5288 0
5289 0
5290 0
5291 0
5292 0
5293 0
5294 0
5295 0
5296 0
5297 0
5298 0
5299 0
5300 0
5301 0
5302 0
5303 0
5304 0
5305 0
5306 0
5307 0
5308 0
5309 0
5310 0
5311 0
5312 0
5313 0
5314 0
5315 0
5316 0
5317 0
5318 0
5319 0
5320 0
5321 0
5322 0
5323 0
5324 0
5325 0
5326 0
5327 0
5328 0
5329 0
5330 0
5331 0
5332 0
5333 0
5334 0
5335 0
5336 0
5337 0
5338 0
5339 0
5340 0
5341 0
5342 0
5343 0
5344 0
5345 0
5346 0
5347 0
5348 0
5349 0
5350 0
5351 0
5352 0
5353 0
5354 0
5355 0
5356 0
5357 0
5358 0
5359 0
5360 0
5361 0
5362 0
5363 0
5364 0
5365 0
5366 0
5367 0
5368 0
5369 0
5370 0
5371 0
5372 0
5373 0
5374 0
5375 0
5376 0
5377 0
5378 0
5379 0
5380 0
5381 0
5382 0
5383 0
5384 0
5385 0
5386 0
5387 0
5388 0
5389 0
5390 0
5391 0
5392 0
5393 0
5394 0
5395 0
5396 0
5397 0
5398 0
5399 0
5400 0
5401 0
5402 0
5403 0
5404 0
5405 0
5406 0
5407 0
5408 0
5409 0
5410 0
5411 0
5412 0
5413 0
5414 0
5415 0
5416 0
5417 0
5418 0
5419 0
5420 0
5421 0
5422 0
5423 0
5424 0
5425 0
5426 0
5427 0
5428 0
5429 0
5430 0
5431 0
5432 0
5433 0
5434 0
5435 0
5436 0
5437 0
5438 0
5439 0
5440 0
5441 0
5442 0
5443 0
5444 0
5445 0
5446 0
5447 0
5448 0
5449 0
5450 0
5451 0
5452 0
5453 0
5454 0
5455 0
5456 0
5457 0
5458 0
5459 0
5460 0
5461 0
5462 0
5463 0
5464 0
5465 0
5466 0
5467 0
5468 0
5469 0
5470 0
5471 0
5472 0
5473 0
5474 0
5475 0
5476 0
5477 0
5478 0
5479 0
5480 0
5481 0
5482 0
5483 0
5484 0
5485 0
5486 0
5487 0
5488 0
5489 0
5490 0
5491 0
5492 0
5493 0
5494 0
5495 0
5496 0
5497 0
5498 0
5499 0
5500 0
5501 0
5502 0
5503 0
5504 0
5505 0
5506 0
5507 0
5508 0
5509 0
5510 0
5511 0
5512 0
5513 0
5514 0
5515 0
5516 0
5517 0
5518 0
5519 0
5520 0
5521 0
5522 0
5523 0
5524 0
5525 0
5526 0
5527 0
5528 0
5529 0
5530 0
5531 0
5532 0
5533 0
5534 0
5535 0
5536 0
5537 0
5538 0
5539 0
5540 0
5541 0
5542 0
5543 0
5544 0
5545 0
5546 0
5547 0
5548 0
5549 0
5550 0
5551 0
5552 0
5553 0
5554 0
5555 0
5556 0
5557 0
5558 0
5559 0
5560 0
5561 0
5562 0
5563 0
5564 0
5565 0
5566 0
5567 0
5568 0
5569 0
5570 0
5571 0
5572 0
5573 0
5574 0
5575 0
5576 0
5577 0
5578 0
5579 0
5580 0
5581 0
5582 0
5583 0
5584 0
5585 0
5586 0
5587 0
5588 0
5589 0
5590 0
5591 0
5592 0
5593 0
5594 0
5595 0
5596 0
5597 0
5598 0
5599 0
5600 0
5601 0
5602 0
5603 0
5604 0
5605 0
5606 0
5607 0
5608 0
5609 0
5610 0
5611 0
5612 0
5613 0
5614 0
5615 0
5616 0
5617 0
5618 0
5619 0
5620 0
5621 0
5622 0
5623 0
5624 0
5625 0
5626 0
5627 0
5628 0
5629 0
5630 0
5631 0
5632 0
5633 0
5634 0
5635 0
5636 0
5637 0
5638 0
5639 0
5640 0
5641 0
5642 0
5643 0
5644 0
5645 0
5646 0
5647 0
5648 0
5649 0
5650 0
5651 0
5652 0
5653 0
5654 0
5655 0
5656 0
5657 0
5658 0
5659 0
5660 0
5661 0
5662 0
5663 0
5664 0
5665 0
5666 0
5667 0
5668 0
5669 0
5670 0
5671 0
5672 0
5673 0
5674 0
5675 0
5676 0
5677 0
5678 0
5679 0
5680 0
5681 0
5682 0
5683 0
5684 0
5685 0
5686 0
5687 0
5688 0
5689 0
5690 0
5691 0
5692 0
5693 0
5694 0
5695 0
5696 0
5697 0
5698 0
5699 0
5700 0
5701 0
5702 0
5703 0
5704 0
5705 0
5706 0
5707 0
5708 0
5709 0
5710 0
5711 0
5712 0
5713 0
5714 0
5715 0
5716 0
5717 0
5718 0
5719 0
5720 0
5721 0
5722 0
5723 0
5724 0
5725 0
5726 0
5727 0
5728 0
5729 0
5730 0
5731 0
5732 0
5733 0
5734 0
5735 0
5736 0
5737 0
5738 0
5739 0
5740 0
5741 0
5742 0
5743 0
5744 0
5745 0
5746 0
5747 0
5748 0
5749 0
5750 0
5751 0
5752 0
5753 0
5754 0
5755 0
5756 0
5757 0
5758 0
5759 0
5760 0
5761 0
5762 0
5763 0
5764 0
5765 0
5766 0
5767 0
5768 0
5769 0
5770 0
5771 0
5772 0
5773 0
5774 0
5775 0
5776 0
5777 0
5778 0
5779 0
5780 0
5781 0
5782 0
5783 0
5784 0
5785 0
5786 0
5787 0
5788 0
5789 0
5790 0
5791 0
5792 0
5793 0
5794 0
5795 0
5796 0
5797 0
5798 0
5799 0
5800 0
5801 0
5802 0
5803 0
5804 0
5805 0
5806 0
5807 0
5808 0
5809 0
5810 0
5811 0
5812 0
5813 0
5814 0
5815 0
5816 0
5817 0
5818 0
5819 0
5820 0
5821 0
5822 0
5823 0
5824 0
5825 0
5826 0
5827 0
5828 0
5829 0
5830 0
5831 0
5832 0
5833 0
5834 0
5835 0
5836 0
5837 0
5838 0
5839 0
5840 0
5841 0
5842 0
5843 0
5844 0
5845 0
5846 0
5847 0
5848 0
5849 0
5850 0
5851 0
5852 0
5853 0
5854 0
5855 0
5856 0
5857 0
5858 0
5859 0
5860 0
5861 0
5862 0
5863 0
5864 0
5865 0
5866 0
5867 0
5868 0
5869 0
5870 0
5871 0
5872 0
5873 0
5874 0
5875 0
5876 0
5877 0
5878 0
5879 0
5880 0
5881 0
5882 0
5883 0
5884 0
5885 0
5886 0
5887 0
5888 0
5889 0
5890 0
5891 0
5892 0
5893 0
5894 0
5895 0
5896 0
5897 0
5898 0
5899 0
5900 0
5901 0
5902 0
5903 0
5904 0
5905 0
5906 0
5907 0
5908 0
5909 0
5910 0
5911 0
5912 0
5913 0
5914 0
5915 0
5916 0
5917 0
5918 0
5919 0
5920 0
5921 0
5922 0
5923 0
5924 0
5925 0
5926 0
5927 0
5928 0
5929 0
5930 0
5931 0
5932 0
5933 0
5934 0
5935 0
5936 0
5937 0
5938 0
5939 0
5940 0
5941 0
5942 0
5943 0
5944 0
5945 0
5946 0
5947 0
5948 0
5949 0
5950 0
5951 0
5952 0
5953 0
5954 0
5955 0
5956 0
5957 0
5958 0
5959 0
5960 0
5961 0
5962 0
5963 0
5964 0
5965 0
5966 0
5967 0
5968 0
5969 0
5970 0
5971 0
5972 0
5973 0
5974 0
5975 0
5976 0
5977 0
5978 0
5979 0
5980 0
5981 0
5982 0
5983 0
5984 0
5985 0
5986 0
5987 0
5988 0
5989 0
5990 0
5991 0
5992 0
5993 0
5994 0
5995 0
5996 0
5997 0
5998 0
5999 0
