0 0
1 0
2 0
3 0
4 0
5 0
6 0
7 0
8 0
9 0
10 0
11 0
12 0
13 0
14 0
15 0
16 0
17 0
18 0
19 0
20 0
21 0
22 0
23 0
24 0
25 0
26 0
27 0
28 0
29 0
30 0
31 0
32 0
33 0
34 0
35 0
36 0
37 0
38 0
39 0
40 0
41 0
42 0
43 0
44 0
45 0
46 0
47 0
48 0
49 0
50 0
51 0
52 0
53 0
54 0
55 0
56 0
57 0
58 0
59 0
60 0
61 0
62 0
63 0
64 0
65 0
66 0
67 0
68 0
69 0
70 0
71 0
72 0
73 0
74 0
75 0
76 0
77 0
78 0
79 0
80 0
81 0
82 0
83 0
84 0
85 0
86 0
87 0
88 0
89 0
90 0
91 0
92 0
93 0
94 0
95 0
96 0
97 0
98 0
99 0
100 0
101 0
102 0
103 0
104 0
105 0
106 0
107 0
108 0
109 0
110 0
111 0
112 0
113 0
114 0
115 0
116 0
117 0
118 0
119 0
120 0
121 0
122 0
123 0
124 0
125 0
126 0
127 0
128 0
129 0
130 0
131 0
132 0
133 0
134 0
135 0
136 0
137 0
138 0
139 0
140 0
141 0
142 0
143 0
144 0
145 0
146 0
147 0
148 0
149 0
150 0
151 0
152 0
153 0
154 0
155 0
156 0
157 0
158 0
159 0
160 0
161 0
162 0
163 0
164 0
165 0
166 0
167 0
168 0
169 0
170 0
171 0
172 0
173 0
174 0
175 0
176 0
177 0
178 0
179 0
180 0
181 0
182 0
183 0
184 0
185 0
186 0
187 0
188 0
189 0
190 0
191 0
192 0
193 0
194 0
195 0
196 0
197 0
198 0
199 0
200 0
201 0
202 0
203 0
204 0
205 0
206 0
207 0
208 0
209 0
210 0
211 0
212 0
213 0
214 0
215 0
216 0
217 0
218 0
219 0
220 0
221 0
222 0
223 0
224 0
225 0
226 0
227 0
228 0
229 0
230 0
231 0
232 0
233 0
234 0
235 0
236 0
237 0
238 0
239 0
240 0
241 0
242 0
243 0
244 0
245 0
246 0
247 0
248 0
249 0
250 0
251 0
252 0
253 0
254 0
255 0
256 0
257 0
258 0
259 0
260 0
261 0
262 0
263 0
264 0
265 0
266 0
267 0
268 0
269 0
270 0
271 0
272 0
273 0
274 0
275 0
276 0
277 0
278 0
279 0
280 0
281 0
282 0
283 0
284 0
285 0
286 0
287 0
288 0
289 0
290 0
291 0
292 0
293 0
294 0
295 0
296 0
297 0
298 0
299 0
300 0
301 0
302 0
303 0
304 0
305 0
306 0
307 0
308 0
309 0
310 0
311 0
312 0
313 0
314 0
315 0
316 0
317 0
318 0
319 0
320 0
321 0
322 0
323 0
324 0
325 0
326 0
327 0
328 0
329 0
330 0
331 0
332 0
333 0
334 0
335 0
336 0
337 0
338 0
339 0
340 0
341 0
342 0
343 0
344 0
345 0
346 0
347 0
348 0
349 0
350 0
351 0
352 0
353 0
354 0
355 0
356 0
357 0
358 0
359 0
360 0
361 0
362 0
363 0
364 0
365 0
366 0
367 0
368 0
369 0
370 0
371 0
372 0
373 0
374 0
375 0
376 0
377 0
378 0
379 0
380 0
381 0
382 0
383 0
384 0
385 0
386 0
387 0
388 0
389 0
390 0
391 0
392 0
393 0
394 0
395 0
396 0
397 0
398 0
399 0
400 0
401 0
402 0
403 0
404 0
405 0
406 0
407 0
408 0
409 0
410 0
411 0
412 0
413 0
414 0
415 0
416 0
417 0
418 0
419 0
420 0
421 0
422 0
423 0
424 0
425 0
426 0
427 0
428 0
429 0
430 0
431 0
432 0
433 0
434 0
435 0
436 0
437 0
438 0
439 0
440 0
441 0
442 0
443 0
444 0
445 0
446 0
447 0
448 0
449 0
450 0
451 0
452 0
453 0
454 0
455 0
456 0
457 0
458 0
459 0
460 0
461 0
462 0
463 0
464 0
465 0
466 0
467 0
468 0
469 0
470 0
471 0
472 0
473 0
474 0
475 0
476 0
477 0
478 0
479 0
480 0
481 0
482 0
483 0
484 0
485 0
486 0
487 0
488 0
489 0
490 0
491 0
492 0
493 0
494 0
495 0
496 0
497 0
498 0
499 0
500 0
501 0
502 0
503 0
504 0
505 0
506 0
507 0
508 0
509 0
510 0
511 0
512 0
513 0
514 0
515 0
516 0
517 0
518 0
519 0
520 0
521 0
522 0
523 0
524 0
525 0
526 0
527 0
528 0
529 0
530 0
531 0
532 0
533 0
534 0
535 0
536 0
537 0
538 0
539 0
540 0
541 0
542 0
543 0
544 0
545 0
546 0
547 0
548 0
549 0
550 0
551 0
552 0
553 0
554 0
555 0
556 0
557 0
558 0
559 0
560 0
561 0
562 0
563 0
564 0
565 0
566 0
567 0
568 0
569 0
570 0
571 0
572 0
573 0
574 0
575 0
576 0
577 0
578 0
579 0
580 0
581 0
582 0
583 0
584 0
585 0
586 0
587 0
588 0
589 0
590 0
591 0
592 0
593 0
594 0
595 0
596 0
597 0
598 0
599 0
600 0
601 0
602 0
603 0
604 0
605 0
606 0
607 0
608 0
609 0
610 0
611 0
612 0
613 0
614 0
615 0
616 0
617 0
618 0
619 0
620 0
621 0
622 0
623 0
624 0
625 0
626 0
627 0
628 0
629 0
630 0
631 0
632 0
633 0
634 0
635 0
636 0
637 0
638 0
639 0
640 0
641 0
642 0
643 0
644 0
645 0
646 0
647 0
648 0
649 0
650 0
651 0
652 0
653 0
654 0
655 0
656 0
657 0
658 0
659 0
660 0
661 0
662 0
663 0
664 0
665 0
666 0
667 0
668 0
669 0
670 0
671 0
672 0
673 0
674 0
675 0
676 0
677 0
678 0
679 0
680 0
681 0
682 0
683 0
684 0
685 0
686 0
687 0
688 0
689 0
690 0
691 0
692 0
693 0
694 0
695 0
696 0
697 0
698 0
699 0
700 0
701 0
702 0
703 0
704 0
705 0
706 0
707 0
708 0
709 0
710 0
711 0
712 0
713 0
714 0
715 0
716 0
717 0
718 0
719 0
720 0
721 0
722 0
723 0
724 0
725 0
726 0
727 0
728 0
729 0
730 0
731 0
732 0
733 0
734 0
735 0
736 0
737 0
738 0
739 0
740 0
741 0
742 0
743 0
744 0
745 0
746 0
747 0
748 0
749 0
750 0
751 0
752 0
753 0
754 0
755 0
756 0
757 0
758 0
759 0
760 0
761 0
762 0
763 0
764 0
765 0
766 0
767 0
768 0
769 0
770 0
771 0
772 0
773 0
774 0
775 0
776 0
777 0
778 0
779 0
780 0
781 0
782 0
783 0
784 0
785 0
786 0
787 0
788 0
789 0
790 0
791 0
792 0
793 0
794 0
795 0
796 0
797 0
798 0
799 0
800 0
801 0
802 0
803 0
804 0
805 0
806 0
807 0
808 0
809 0
810 0
811 0
812 0
813 0
814 0
815 0
816 0
817 0
818 0
819 0
820 0
821 0
822 0
823 0
824 0
825 0
826 0
827 0
828 0
829 0
830 0
831 0
832 0
833 0
834 0
835 0
836 0
837 0
838 0
839 0
840 0
841 0
842 0
843 0
844 0
845 0
846 0
847 0
848 0
849 0
850 0
851 0
852 0
853 0
854 0
855 0
856 0
857 0
858 0
859 0
860 0
861 0
862 0
863 0
864 0
865 0
866 0
867 0
868 0
869 0
870 0
871 0
872 0
873 0
874 0
875 0
876 0
877 0
878 0
879 0
880 0
881 0
882 0
883 0
884 0
885 0
886 0
887 0
888 0
889 0
890 0
891 0
892 0
893 0
894 0
895 0
896 0
897 0
898 0
899 0
900 0
901 0
902 0
903 0
904 0
905 0
906 0
907 0
908 0
909 0
910 0
911 0
912 0
913 0
914 0
915 0
916 0
917 0
918 0
919 0
920 0
921 0
922 0
923 0
924 0
925 0
926 0
927 0
928 0
929 0
930 0
931 0
932 0
933 0
934 0
935 0
936 0
937 0
938 0
939 0
940 0
941 0
942 0
943 0
944 0
945 0
946 0
947 0
948 0
949 0
950 0
951 0
952 0
953 0
954 0
955 0
956 0
957 0
958 0
959 0
960 0
961 0
962 0
963 0
964 0
965 0
966 0
967 0
968 0
969 0
970 0
971 0
972 0
973 0
974 0
975 0
976 0
977 0
978 0
979 0
980 0
981 0
982 0
983 0
984 0
985 0
986 0
987 0
988 0
989 0
990 0
991 0
992 0
993 0
994 0
995 0
996 0
997 0
998 0
999 0
1000 0
1001 0
1002 0
1003 0
1004 0
1005 0
1006 0
1007 0
1008 0
1009 0
1010 0
1011 0
1012 0
1013 0
1014 0
1015 0
1016 0
1017 0
1018 0
1019 0
1020 0
1021 0
1022 0
1023 0
1024 0
1025 0
1026 0
1027 0
1028 0
1029 0
1030 0
1031 0
1032 0
1033 0
1034 0
1035 0
1036 0
1037 0
1038 0
1039 0
1040 0
1041 0
1042 0
1043 0
1044 0
1045 0
1046 0
1047 0
1048 0
1049 0
1050 0
1051 0
1052 0
1053 0
1054 0
1055 0
1056 0
1057 0
1058 0
1059 0
1060 0
1061 0
1062 0
1063 0
1064 0
1065 0
1066 0
1067 0
1068 0
1069 0
1070 0
1071 0
1072 0
1073 0
1074 0
1075 0
1076 0
1077 0
1078 0
1079 0
1080 0
1081 0
1082 0
1083 0
1084 0
1085 0
1086 0
1087 0
1088 0
1089 0
1090 0
1091 0
1092 0
1093 0
1094 0
1095 0
1096 0
1097 0
1098 0
1099 0
1100 0
1101 0
1102 0
1103 0
1104 0
1105 0
1106 0
1107 0
1108 0
1109 0
1110 0
1111 0
1112 0
1113 0
1114 0
1115 0
1116 0
1117 0
1118 0
1119 0
1120 0
1121 0
1122 0
1123 0
1124 0
1125 0
1126 0
1127 0
1128 0
1129 0
1130 0
1131 0
1132 0
1133 0
1134 0
1135 0
1136 0
1137 0
1138 0
1139 0
1140 0
1141 0
1142 0
1143 0
1144 0
1145 0
1146 0
1147 0
1148 0
1149 0
1150 0
1151 0
1152 0
1153 0
1154 0
1155 0
1156 0
1157 0
1158 0
1159 0
1160 0
1161 0
1162 0
1163 0
1164 0
1165 0
1166 0
1167 0
1168 0
1169 0
1170 0
1171 0
1172 0
1173 0
1174 0
1175 0
1176 0
1177 0
1178 0
1179 0
1180 0
1181 0
1182 0
1183 0
1184 0
1185 0
1186 0
1187 0
1188 0
1189 0
1190 0
1191 0
1192 0
1193 0
1194 0
1195 0
1196 0
1197 0
1198 0
1199 0
1200 0
1201 0
1202 0
1203 0
1204 0
1205 0
1206 0
1207 0
1208 0
1209 0
1210 0
1211 0
1212 0
1213 0
1214 0
1215 0
1216 0
1217 0
1218 0
1219 0
1220 0
1221 0
1222 0
1223 0
1224 0
1225 0
1226 0
1227 0
1228 0
1229 0
1230 0
1231 0
1232 0
1233 0
1234 0
1235 0
1236 0
1237 0
1238 0
1239 0
1240 0
1241 0
1242 0
1243 0
1244 0
1245 0
1246 0
1247 0
1248 0
1249 0
1250 0
1251 0
1252 0
1253 0
1254 0
1255 0
1256 0
1257 0
1258 0
1259 0
1260 0
1261 0
1262 0
1263 0
1264 0
1265 0
1266 0
1267 0
1268 0
1269 0
1270 0
1271 0
1272 0
1273 0
1274 0
1275 0
1276 0
1277 0
1278 0
1279 0
1280 0
1281 0
1282 0
1283 0
1284 0
1285 0
1286 0
1287 0
1288 0
1289 0
1290 0
1291 0
1292 0
1293 0
1294 0
1295 0
1296 0
1297 0
1298 0
1299 0
1300 0
1301 0
1302 0
1303 0
1304 0
1305 0
1306 0
1307 0
1308 0
1309 0
1310 0
1311 0
1312 0
1313 0
1314 0
1315 0
1316 0
1317 0
1318 0
1319 0
1320 0
1321 0
1322 0
1323 0
1324 0
1325 0
1326 0
1327 0
1328 0
1329 0
1330 0
1331 0
1332 0
1333 0
1334 0
1335 0
1336 0
1337 0
1338 0
1339 0
1340 0
1341 0
1342 0
1343 0
1344 0
1345 0
1346 0
1347 0
1348 0
1349 0
1350 0
1351 0
1352 0
1353 0
1354 0
1355 0
1356 0
1357 0
1358 0
1359 0
1360 0
1361 0
1362 0
1363 0
1364 0
1365 0
1366 0
1367 0
1368 0
1369 0
1370 0
1371 0
1372 0
1373 0
1374 0
1375 0
1376 0
1377 0
1378 0
1379 0
1380 0
1381 0
1382 0
1383 0
1384 0
1385 0
1386 0
1387 0
1388 0
1389 0
1390 0
1391 0
1392 0
1393 0
1394 0
1395 0
1396 0
1397 0
1398 0
1399 0
1400 0
1401 0
1402 0
1403 0
1404 0
1405 0
1406 0
1407 0
1408 0
1409 0
1410 0
1411 0
1412 0
1413 0
1414 0
1415 0
1416 0
1417 0
1418 0
1419 0
1420 0
1421 0
1422 0
1423 0
1424 0
1425 0
1426 0
1427 0
1428 0
1429 0
1430 0
1431 0
1432 0
1433 0
1434 0
1435 0
1436 0
1437 0
1438 0
1439 0
1440 0
1441 0
1442 0
1443 0
1444 0
1445 0
1446 0
1447 0
1448 0
1449 0
1450 0
1451 0
1452 0
1453 0
1454 0
1455 0
1456 0
1457 0
1458 0
1459 0
1460 0
1461 0
1462 0
1463 0
1464 0
1465 0
1466 0
1467 0
1468 0
1469 0
1470 0
1471 0
1472 0
1473 0
1474 0
1475 0
1476 0
1477 0
1478 0
1479 0
1480 0
1481 0
1482 0
1483 0
1484 0
1485 0
1486 0
1487 0
1488 0
1489 0
1490 0
1491 0
1492 0
1493 0
1494 0
1495 0
1496 0
1497 0
1498 0
1499 0
1500 0
1501 0
1502 0
1503 0
1504 0
1505 0
1506 0
1507 0
1508 0
1509 0
1510 0
1511 0
1512 0
1513 0
1514 0
1515 0
1516 0
1517 0
1518 0
1519 0
1520 0
1521 0
1522 0
1523 0
1524 0
1525 0
1526 0
1527 0
1528 0
1529 0
1530 0
1531 0
1532 0
1533 0
1534 0
1535 0
1536 0
1537 0
1538 0
1539 0
1540 0
1541 0
1542 0
1543 0
1544 0
1545 0
1546 0
1547 0
1548 0
1549 0
1550 0
1551 0
1552 0
1553 0
1554 0
1555 0
1556 0
1557 0
1558 0
1559 0
1560 0
1561 0
1562 0
1563 0
1564 0
1565 0
1566 0
1567 0
1568 0
1569 0
1570 0
1571 0
1572 0
1573 0
1574 0
1575 0
1576 0
1577 0
1578 0
1579 0
1580 0
1581 0
1582 0
1583 0
1584 0
1585 0
1586 0
1587 0
1588 0
1589 0
1590 0
1591 0
1592 0
1593 0
1594 0
1595 0
1596 0
1597 0
1598 0
1599 0
1600 0
1601 0
1602 0
1603 0
1604 0
1605 0
1606 0
1607 0
1608 0
1609 0
1610 0
1611 0
1612 0
1613 0
1614 0
1615 0
1616 0
1617 0
1618 0
1619 0
1620 0
1621 0
1622 0
1623 0
1624 0
1625 0
1626 0
1627 0
1628 0
1629 0
1630 0
1631 0
1632 0
1633 0
1634 0
1635 0
1636 0
1637 0
1638 0
1639 0
1640 0
1641 0
1642 0
1643 0
1644 0
1645 0
1646 0
1647 0
1648 0
1649 0
1650 0
1651 0
1652 0
1653 0
1654 0
1655 0
1656 0
1657 0
1658 0
1659 0
1660 0
1661 0
1662 0
1663 0
1664 0
1665 0
1666 0
1667 0
1668 0
1669 0
1670 0
1671 0
1672 0
1673 0
1674 0
1675 0
1676 0
1677 0
1678 0
1679 0
1680 0
1681 0
1682 0
1683 0
1684 0
1685 0
1686 0
1687 0
1688 0
1689 0
1690 0
1691 0
1692 0
1693 0
1694 0
1695 0
1696 0
1697 0
1698 0
1699 0
1700 0
1701 0
1702 0
1703 0
1704 0
1705 0
1706 0
1707 0
1708 0
1709 0
1710 0
1711 0
1712 0
1713 0
1714 0
1715 0
1716 0
1717 0
1718 0
1719 0
1720 0
1721 0
1722 0
1723 0
1724 0
1725 0
1726 0
1727 0
1728 0
1729 0
1730 0
1731 0
1732 0
1733 0
1734 0
1735 0
1736 0
1737 0
1738 0
1739 0
1740 0
1741 0
1742 0
1743 0
1744 0
1745 0
1746 0
1747 0
1748 0
1749 0
1750 0
1751 0
1752 0
1753 0
1754 0
1755 0
1756 0
1757 0
1758 0
1759 2
1760 0
1761 0
1762 0
1763 0
1764 0
1765 0
1766 0
1767 0
1768 0
1769 0
1770 0
1771 0
1772 0
1773 0
1774 0
1775 0
1776 0
1777 0
1778 0
1779 0
1780 0
1781 0
1782 0
1783 0
1784 0
1785 0
1786 0
1787 1
1788 0
1789 0
1790 0
1791 0
1792 0
1793 0
1794 0
1795 0
1796 0
1797 0
1798 1
1799 0
1800 0
1801 0
1802 0
1803 0
1804 0
1805 0
1806 1
1807 0
1808 0
1809 2
1810 0
1811 0
1812 1
1813 0
1814 1
1815 0
1816 0
1817 0
1818 0
1819 0
1820 0
1821 0
1822 0
1823 0
1824 1
1825 0
1826 0
1827 1
1828 2
1829 0
1830 0
1831 1
1832 0
1833 1
1834 0
1835 0
1836 0
1837 1
1838 0
1839 0
1840 1
1841 1
1842 0
1843 0
1844 0
1845 2
1846 0
1847 1
1848 0
1849 0
1850 0
1851 0
1852 0
1853 0
1854 3
1855 1
1856 0
1857 0
1858 0
1859 0
1860 0
1861 0
1862 0
1863 0
1864 3
1865 1
1866 0
1867 1
1868 0
1869 1
1870 0
1871 1
1872 3
1873 0
1874 1
1875 0
1876 0
1877 0
1878 0
1879 1
1880 0
1881 0
1882 1
1883 0
1884 0
1885 2
1886 1
1887 2
1888 0
1889 0
1890 0
1891 0
1892 1
1893 0
1894 2
1895 0
1896 2
1897 0
1898 0
1899 1
1900 1
1901 0
1902 0
1903 0
1904 2
1905 2
1906 0
1907 0
1908 0
1909 1
1910 0
1911 0
1912 1
1913 0
1914 0
1915 3
1916 1
1917 1
1918 4
1919 1
1920 2
1921 4
1922 2
1923 4
1924 1
1925 3
1926 4
1927 3
1928 2
1929 0
1930 1
1931 1
1932 2
1933 1
1934 2
1935 1
1936 3
1937 1
1938 2
1939 0
1940 3
1941 0
1942 2
1943 3
1944 2
1945 5
1946 1
1947 3
1948 3
1949 1
1950 0
1951 2
1952 2
1953 2
1954 1
1955 2
1956 3
1957 1
1958 2
1959 1
1960 1
1961 2
1962 4
1963 2
1964 3
1965 1
1966 1
1967 2
1968 1
1969 3
1970 3
1971 2
1972 2
1973 5
1974 1
1975 3
1976 2
1977 5
1978 4
1979 1
1980 2
1981 3
1982 8
1983 5
1984 2
1985 5
1986 5
1987 5
1988 5
1989 5
1990 4
1991 2
1992 5
1993 4
1994 4
1995 4
1996 6
1997 4
1998 3
1999 3
2000 7
2001 3
2002 3
2003 3
2004 4
2005 9
2006 8
2007 6
2008 4
2009 7
2010 7
2011 2
2012 8
2013 3
2014 6
2015 5
2016 5
2017 8
2018 7
2019 13
2020 6
2021 5
2022 11
2023 5
2024 5
2025 4
2026 9
2027 3
2028 6
2029 7
2030 10
2031 11
2032 10
2033 9
2034 8
2035 13
2036 11
2037 9
2038 9
2039 8
2040 7
2041 9
2042 15
2043 8
2044 9
2045 8
2046 4
2047 9
2048 15
2049 17
2050 11
2051 8
2052 11
2053 11
2054 16
2055 13
2056 14
2057 17
2058 10
2059 16
2060 17
2061 15
2062 8
2063 18
2064 4
2065 13
2066 14
2067 14
2068 24
2069 15
2070 16
2071 19
2072 11
2073 21
2074 17
2075 13
2076 21
2077 18
2078 18
2079 13
2080 16
2081 14
2082 17
2083 17
2084 23
2085 17
2086 19
2087 17
2088 15
2089 22
2090 10
2091 25
2092 25
2093 19
2094 30
2095 28
2096 16
2097 21
2098 27
2099 21
2100 17
2101 19
2102 22
2103 25
2104 27
2105 17
2106 26
2107 23
2108 21
2109 33
2110 30
2111 22
2112 30
2113 31
2114 21
2115 32
2116 33
2117 38
2118 30
2119 28
2120 35
2121 31
2122 28
2123 36
2124 27
2125 37
2126 46
2127 28
2128 37
2129 47
2130 47
2131 45
2132 45
2133 55
2134 58
2135 36
2136 43
2137 40
2138 42
2139 45
2140 46
2141 43
2142 57
2143 28
2144 43
2145 43
2146 42
2147 39
2148 53
2149 42
2150 46
2151 44
2152 53
2153 60
2154 52
2155 63
2156 66
2157 59
2158 44
2159 56
2160 41
2161 65
2162 64
2163 53
2164 58
2165 69
2166 65
2167 74
2168 52
2169 70
2170 67
2171 73
2172 72
2173 75
2174 66
2175 70
2176 52
2177 70
2178 77
2179 74
2180 82
2181 65
2182 79
2183 80
2184 82
2185 89
2186 77
2187 81
2188 94
2189 75
2190 71
2191 77
2192 83
2193 84
2194 84
2195 85
2196 95
2197 110
2198 107
2199 88
2200 103
2201 98
2202 111
2203 100
2204 128
2205 114
2206 105
2207 113
2208 110
2209 126
2210 120
2211 99
2212 107
2213 107
2214 122
2215 127
2216 110
2217 121
2218 122
2219 121
2220 119
2221 137
2222 127
2223 145
2224 128
2225 125
2226 145
2227 141
2228 132
2229 139
2230 114
2231 157
2232 139
2233 135
2234 149
2235 162
2236 144
2237 167
2238 151
2239 166
2240 154
2241 163
2242 170
2243 174
2244 186
2245 190
2246 185
2247 192
2248 187
2249 206
2250 172
2251 199
2252 206
2253 208
2254 193
2255 186
2256 221
2257 184
2258 238
2259 200
2260 237
2261 206
2262 219
2263 228
2264 215
2265 228
2266 222
2267 245
2268 211
2269 240
2270 211
2271 239
2272 263
2273 224
2274 249
2275 251
2276 255
2277 255
2278 275
2279 244
2280 289
2281 295
2282 294
2283 298
2284 262
2285 334
2286 267
2287 249
2288 326
2289 302
2290 285
2291 306
2292 303
2293 328
2294 332
2295 319
2296 316
2297 313
2298 321
2299 319
2300 324
2301 307
2302 326
2303 340
2304 351
2305 390
2306 353
2307 380
2308 384
2309 359
2310 379
2311 363
2312 378
2313 415
2314 440
2315 400
2316 395
2317 408
2318 415
2319 438
2320 406
2321 438
2322 437
2323 422
2324 467
2325 488
2326 462
2327 480
2328 492
2329 461
2330 462
2331 486
2332 493
2333 487
2334 474
2335 534
2336 468
2337 537
2338 505
2339 511
2340 567
2341 517
2342 510
2343 553
2344 543
2345 506
2346 567
2347 558
2348 547
2349 548
2350 569
2351 621
2352 595
2353 583
2354 629
2355 618
2356 636
2357 634
2358 573
2359 649
2360 661
2361 666
2362 691
2363 705
2364 709
2365 662
2366 673
2367 678
2368 735
2369 798
2370 715
2371 738
2372 716
2373 681
2374 740
2375 777
2376 763
2377 807
2378 799
2379 756
2380 764
2381 862
2382 816
2383 874
2384 843
2385 848
2386 845
2387 854
2388 854
2389 850
2390 893
2391 879
2392 949
2393 921
2394 953
2395 931
2396 947
2397 1004
2398 1000
2399 1008
2400 999
2401 970
2402 1040
2403 1000
2404 1039
2405 1084
2406 1120
2407 1044
2408 1082
2409 1062
2410 1097
2411 1078
2412 1167
2413 1144
2414 1138
2415 1178
2416 1180
2417 1178
2418 1214
2419 1232
2420 1269
2421 1305
2422 1277
2423 1289
2424 1291
2425 1335
2426 1284
2427 1303
2428 1328
2429 1287
2430 1336
2431 1356
2432 1354
2433 1382
2434 1460
2435 1427
2436 1428
2437 1409
2438 1401
2439 1489
2440 1532
2441 1495
2442 1539
2443 1483
2444 1603
2445 1570
2446 1549
2447 1578
2448 1627
2449 1633
2450 1672
2451 1683
2452 1698
2453 1647
2454 1757
2455 1746
2456 1759
2457 1770
2458 1810
2459 1707
2460 1770
2461 1759
2462 1743
2463 1791
2464 1798
2465 1886
2466 1851
2467 1909
2468 1915
2469 1925
2470 1958
2471 1859
2472 1922
2473 1984
2474 2041
2475 1989
2476 1997
2477 2047
2478 2029
2479 2098
2480 2132
2481 2132
2482 2102
2483 2101
2484 2235
2485 2311
2486 2209
2487 2325
2488 2295
2489 2305
2490 2386
2491 2311
2492 2294
2493 2371
2494 2441
2495 2351
2496 2445
2497 2587
2498 2475
2499 2615
2500 2656
2501 2539
2502 2616
2503 2518
2504 2624
2505 2622
2506 2681
2507 2688
2508 2645
2509 2740
2510 2794
2511 2758
2512 2785
2513 2892
2514 2795
2515 3034
2516 2973
2517 3121
2518 3042
2519 3029
2520 3169
2521 3048
2522 3090
2523 3212
2524 3268
2525 3216
2526 3285
2527 3175
2528 3276
2529 3324
2530 3412
2531 3410
2532 3321
2533 3365
2534 3520
2535 3580
2536 3495
2537 3482
2538 3630
2539 3703
2540 3680
2541 3709
2542 3730
2543 3729
2544 3784
2545 3791
2546 3856
2547 3881
2548 4017
2549 3890
2550 3990
2551 3952
2552 3930
2553 4030
2554 4082
2555 4028
2556 4130
2557 4173
2558 4314
2559 4345
2560 4267
2561 4340
2562 4452
2563 4402
2564 4502
2565 4563
2566 4516
2567 4600
2568 4736
2569 4653
2570 4676
2571 4726
2572 4733
2573 4843
2574 4685
2575 4878
2576 4980
2577 4913
2578 4936
2579 5010
2580 5121
2581 5154
2582 5085
2583 5187
2584 5235
2585 5300
2586 5236
2587 5196
2588 5365
2589 5351
2590 5562
2591 5493
2592 5590
2593 5571
2594 5742
2595 5617
2596 5641
2597 5841
2598 5778
2599 5837
2600 5919
2601 5954
2602 6015
2603 6210
2604 6064
2605 6061
2606 6213
2607 6268
2608 6271
2609 6284
2610 6366
2611 6402
2612 6457
2613 6543
2614 6547
2615 6665
2616 6753
2617 6690
2618 6885
2619 6847
2620 6747
2621 7065
2622 7067
2623 7072
2624 7071
2625 7075
2626 7142
2627 7183
2628 7413
2629 7328
2630 7549
2631 7568
2632 7461
2633 7736
2634 7729
2635 7845
2636 7905
2637 7887
2638 7914
2639 8050
2640 7930
2641 8063
2642 8142
2643 8275
2644 8327
2645 8449
2646 8336
2647 8562
2648 8505
2649 8647
2650 8675
2651 8841
2652 8833
2653 8970
2654 8960
2655 8894
2656 8969
2657 9326
2658 9329
2659 9330
2660 9360
2661 9434
2662 9309
2663 9554
2664 9620
2665 9764
2666 9816
2667 9843
2668 9829
2669 10050
2670 10244
2671 10193
2672 10095
2673 10386
2674 10383
2675 10546
2676 10574
2677 10899
2678 10873
2679 10813
2680 10945
2681 10851
2682 11038
2683 10915
2684 11262
2685 11095
2686 11249
2687 11285
2688 11617
2689 11295
2690 11595
2691 11866
2692 11784
2693 11869
2694 12213
2695 12110
2696 12200
2697 12165
2698 12135
2699 12598
2700 12513
2701 12593
2702 12773
2703 12921
2704 13072
2705 12982
2706 13330
2707 13166
2708 13138
2709 13170
2710 13401
2711 13398
2712 13655
2713 13809
2714 13863
2715 14014
2716 14079
2717 14014
2718 13951
2719 14159
2720 14514
2721 14590
2722 14601
2723 14637
2724 14934
2725 15116
2726 15084
2727 15304
2728 15219
2729 15145
2730 15336
2731 15461
2732 15431
2733 15535
2734 15722
2735 15669
2736 16112
2737 16196
2738 15917
2739 16289
2740 16337
2741 16372
2742 16645
2743 16553
2744 16904
2745 16841
2746 17082
2747 17232
2748 17350
2749 17515
2750 17455
2751 17852
2752 17629
2753 17955
2754 18051
2755 17967
2756 18418
2757 18338
2758 18468
2759 18710
2760 18926
2761 19227
2762 18920
2763 19128
2764 19338
2765 19552
2766 19820
2767 19812
2768 19789
2769 19970
2770 20020
2771 20264
2772 20367
2773 20227
2774 20435
2775 20526
2776 20647
2777 20789
2778 20958
2779 21361
2780 21321
2781 21315
2782 21476
2783 21989
2784 21932
2785 22285
2786 22228
2787 22656
2788 22701
2789 23108
2790 23272
2791 22866
2792 23310
2793 23348
2794 23310
2795 23794
2796 23776
2797 23831
2798 24106
2799 24114
2800 24371
2801 24613
2802 24783
2803 24637
2804 24769
2805 25116
2806 25247
2807 25474
2808 25796
2809 25774
2810 25744
2811 25796
2812 26106
2813 26439
2814 26356
2815 26301
2816 27050
2817 27085
2818 27211
2819 27567
2820 27360
2821 27847
2822 27520
2823 27894
2824 28651
2825 28455
2826 28623
2827 28807
2828 29068
2829 28952
2830 29566
2831 29211
2832 29893
2833 30028
2834 30154
2835 30215
2836 30409
2837 30740
2838 31152
2839 30677
2840 31380
2841 31286
2842 31670
2843 31932
2844 31636
2845 32061
2846 32247
2847 32266
2848 32433
2849 32743
2850 33087
2851 33285
2852 33092
2853 33699
2854 33808
2855 33859
2856 34080
2857 34482
2858 34743
2859 34577
2860 35085
2861 34790
2862 35641
2863 35627
2864 35852
2865 35797
2866 36262
2867 36398
2868 36689
2869 36819
2870 37071
2871 36936
2872 37398
2873 37827
2874 37882
2875 38177
2876 38616
2877 38551
2878 39038
2879 39005
2880 39740
2881 39688
2882 39510
2883 39618
2884 40318
2885 40146
2886 40191
2887 40558
2888 41051
2889 41115
2890 41076
2891 41733
2892 41791
2893 42266
2894 42560
2895 42624
2896 43033
2897 43391
2898 43752
2899 43784
2900 43742
2901 44071
2902 44431
2903 44801
2904 45022
2905 45324
2906 45775
2907 45844
2908 46024
2909 46120
2910 46673
2911 46988
2912 47103
2913 47603
2914 47651
2915 47806
2916 47882
2917 48507
2918 48595
2919 49430
2920 49480
2921 49109
2922 49528
2923 49784
2924 50376
2925 50457
2926 50887
2927 51275
2928 51361
2929 51432
2930 52077
2931 52230
2932 52609
2933 52499
2934 53554
2935 52988
2936 53598
2937 53977
2938 54032
2939 54633
2940 55592
2941 55503
2942 55357
2943 55824
2944 56217
2945 56149
2946 56938
2947 57136
2948 57593
2949 57707
2950 58264
2951 58234
2952 58214
2953 58814
2954 59220
2955 59738
2956 59484
2957 60453
2958 60266
2959 60404
2960 61213
2961 61794
2962 61945
2963 62046
2964 62305
2965 62446
2966 62060
2967 62393
2968 63417
2969 63758
2970 64179
2971 64583
2972 64278
2973 64911
2974 65103
2975 65224
2976 66501
2977 66469
2978 66961
2979 67776
2980 68146
2981 67863
2982 68427
2983 68709
2984 68931
2985 69615
2986 69210
2987 69928
2988 70239
2989 71035
2990 71421
2991 71646
2992 72486
2993 72213
2994 72605
2995 72873
2996 72880
2997 73631
2998 73519
2999 74684
3000 74501
3001 75071
3002 75312
3003 75880
3004 75892
3005 76358
3006 76187
3007 77095
3008 77160
3009 78080
3010 78532
3011 79154
3012 78726
3013 79320
3014 79939
3015 79790
3016 79967
3017 80941
3018 81149
3019 81796
3020 82457
3021 82770
3022 82911
3023 82744
3024 84010
3025 84688
3026 85146
3027 85098
3028 86450
3029 85999
3030 86023
3031 87237
3032 87608
3033 87518
3034 87703
3035 87969
3036 88857
3037 89173
3038 90031
3039 90036
3040 90367
3041 90397
3042 90906
3043 92103
3044 92297
3045 92755
3046 93437
3047 92992
3048 93711
3049 93932
3050 94999
3051 95303
3052 96066
3053 96247
3054 97049
3055 97398
3056 97891
3057 97710
3058 98344
3059 98795
3060 100108
3061 100351
3062 101454
3063 101222
3064 101341
3065 102050
3066 101831
3067 103192
3068 103217
3069 103850
3070 104546
3071 104648
3072 105053
3073 105683
3074 106642
3075 107018
3076 107010
3077 107674
3078 108513
3079 108735
3080 108706
3081 108944
3082 109309
3083 111213
3084 111122
3085 111400
3086 111876
3087 112600
3088 112855
3089 113726
3090 113576
3091 114247
3092 115114
3093 115731
3094 116240
3095 116628
3096 117475
3097 117529
3098 117835
3099 119365
3100 119824
3101 120517
3102 120260
3103 121089
3104 121852
3105 122187
3106 123063
3107 123487
3108 124094
3109 124626
3110 124722
3111 125181
3112 126203
3113 126547
3114 126275
3115 126842
3116 128361
3117 128640
3118 128631
3119 129048
3120 130005
3121 130023
3122 130818
3123 130989
3124 131616
3125 132714
3126 133211
3127 133452
3128 133682
3129 134086
3130 134821
3131 134914
3132 135793
3133 136913
3134 137776
3135 138047
3136 138095
3137 139589
3138 139449
3139 140444
3140 141363
3141 141109
3142 142515
3143 143039
3144 144578
3145 144017
3146 144801
3147 145743
3148 146811
3149 146442
3150 147211
3151 148150
3152 148195
3153 149405
3154 149823
3155 150443
3156 150346
3157 151122
3158 151999
3159 152950
3160 152649
3161 153402
3162 154872
3163 154608
3164 155404
3165 156864
3166 156595
3167 157712
3168 157475
3169 159131
3170 159050
3171 159406
3172 160317
3173 161259
3174 162789
3175 163035
3176 163544
3177 164541
3178 164646
3179 164848
3180 166586
3181 167230
3182 167345
3183 168723
3184 170030
3185 169946
3186 170394
3187 171239
3188 172234
3189 173008
3190 173129
3191 173937
3192 175040
3193 175222
3194 175888
3195 175907
3196 176344
3197 177774
3198 178100
3199 179005
3200 180535
3201 180947
3202 180585
3203 180389
3204 181358
3205 183435
3206 183382
3207 183952
3208 185457
3209 186717
3210 186228
3211 186383
3212 187786
3213 189362
3214 190509
3215 190959
3216 190753
3217 191992
3218 193617
3219 194538
3220 194411
3221 194753
3222 195957
3223 197262
3224 196680
3225 198046
3226 199058
3227 199790
3228 199904
3229 200693
3230 202256
3231 203920
3232 203995
3233 204785
3234 203859
3235 204233
3236 205569
3237 206072
3238 207271
3239 207534
3240 208432
3241 208854
3242 209542
3243 210797
3244 210405
3245 211117
3246 212343
3247 213940
3248 214176
3249 214946
3250 215857
3251 216825
3252 216944
3253 218388
3254 218243
3255 219981
3256 220366
3257 221868
3258 221985
3259 223487
3260 223860
3261 226161
3262 226144
3263 225759
3264 228689
3265 229286
3266 228796
3267 228935
3268 231053
3269 231493
3270 231958
3271 232684
3272 232563
3273 235257
3274 235276
3275 236113
3276 236677
3277 237595
3278 237959
3279 238869
3280 239693
3281 240791
3282 240624
3283 242785
3284 242623
3285 243094
3286 243609
3287 245261
3288 246337
3289 247343
3290 249393
3291 248411
3292 250059
3293 251555
3294 251491
3295 252869
3296 253645
3297 254592
3298 256725
3299 256770
3300 256928
3301 258553
3302 260349
3303 261580
3304 261660
3305 262531
3306 263350
3307 264891
3308 264273
3309 264988
3310 268101
3311 267990
3312 267453
3313 269048
3314 270340
3315 271076
3316 271016
3317 272386
3318 273402
3319 274087
3320 274287
3321 274189
3322 275796
3323 275670
3324 277225
3325 278355
3326 279660
3327 279192
3328 281502
3329 283027
3330 282738
3331 285199
3332 285935
3333 286512
3334 287043
3335 289564
3336 290831
3337 290279
3338 292313
3339 292226
3340 294409
3341 294860
3342 295316
3343 296367
3344 298139
3345 299406
3346 300115
3347 300370
3348 301502
3349 302631
3350 302695
3351 303622
3352 304683
3353 305422
3354 306645
3355 306672
3356 308558
3357 309202
3358 309112
3359 309698
3360 311081
3361 311708
3362 312711
3363 313314
3364 314032
3365 314996
3366 317509
3367 318065
3368 317957
3369 319741
3370 322121
3371 322374
3372 322102
3373 323987
3374 325916
3375 326049
3376 327069
3377 328282
3378 329750
3379 331617
3380 332079
3381 332129
3382 334621
3383 334542
3384 334634
3385 336644
3386 338765
3387 338623
3388 339756
3389 339720
3390 341191
3391 341266
3392 341750
3393 343282
3394 344639
3395 343409
3396 345764
3397 346423
3398 348004
3399 349235
3400 348819
3401 350731
3402 352170
3403 352268
3404 353188
3405 354681
3406 355923
3407 357095
3408 357032
3409 358052
3410 359819
3411 362375
3412 362596
3413 364636
3414 365488
3415 365290
3416 368466
3417 368305
3418 369626
3419 371495
3420 373129
3421 373977
3422 373371
3423 374585
3424 376179
3425 377295
3426 378151
3427 379260
3428 379855
3429 381023
3430 382017
3431 383103
3432 382534
3433 382991
3434 385719
3435 385902
3436 387481
3437 388437
3438 388547
3439 389970
3440 389474
3441 391707
3442 393084
3443 393317
3444 395338
3445 396852
3446 396479
3447 397757
3448 399066
3449 401284
3450 402288
3451 405133
3452 405159
3453 407205
3454 408119
3455 408248
3456 409147
3457 410451
3458 412071
3459 413867
3460 413068
3461 416253
3462 417349
3463 418598
3464 418122
3465 419618
3466 420184
3467 421274
3468 422377
3469 423642
3470 425306
3471 424207
3472 426040
3473 426485
3474 427347
3475 428556
3476 429972
3477 430191
3478 432380
3479 432580
3480 433373
3481 434562
3482 435472
3483 436609
3484 438629
3485 440862
3486 442014
3487 442099
3488 443017
3489 443920
3490 444267
3491 446848
3492 448108
3493 449991
3494 451687
3495 451891
3496 453996
3497 455067
3498 457070
3499 456574
3500 456983
3501 458990
3502 461377
3503 461519
3504 461078
3505 461604
3506 461866
3507 462986
3508 463564
3509 465826
3510 465717
3511 466404
3512 467641
3513 468819
3514 470875
3515 469897
3516 471466
3517 473698
3518 473992
3519 475122
3520 475552
3521 476124
3522 479497
3523 478968
3524 481170
3525 482316
3526 483628
3527 486352
3528 485933
3529 486106
3530 489264
3531 490163
3532 490491
3533 493305
3534 495538
3535 495541
3536 497616
3537 498278
3538 499034
3539 499529
3540 500283
3541 502125
3542 504948
3543 504460
3544 504798
3545 506722
3546 506267
3547 508472
3548 510267
3549 508787
3550 509867
3551 512773
3552 510658
3553 514324
3554 513433
3555 515578
3556 516032
3557 517037
3558 519241
3559 520453
3560 522221
3561 520908
3562 522984
3563 524664
3564 526258
3565 528666
3566 529416
3567 530296
3568 533762
3569 533713
3570 533516
3571 533982
3572 538261
3573 537358
3574 538613
3575 539201
3576 541736
3577 543055
3578 543730
3579 543690
3580 546156
3581 547886
3582 548832
3583 547865
3584 549485
3585 550570
3586 552490
3587 551950
3588 553259
3589 554560
3590 555243
3591 556037
3592 556430
3593 558293
3594 557430
3595 559934
3596 561221
3597 564033
3598 565621
3599 565929
3600 566031
3601 568051
3602 568287
3603 568895
3604 570338
3605 571725
3606 574497
3607 573941
3608 576324
3609 576740
3610 581231
3611 579592
3612 582483
3613 581315
3614 585383
3615 585591
3616 586869
3617 587460
3618 587806
3619 589114
3620 590148
3621 589334
3622 593011
3623 593923
3624 593828
3625 593446
3626 593338
3627 594463
3628 595424
3629 598326
3630 597874
3631 599336
3632 600817
3633 600951
3634 602682
3635 604275
3636 603382
3637 604844
3638 602564
3639 607038
3640 609008
3641 611111
3642 609988
3643 611439
3644 611501
3645 614459
3646 615044
3647 618264
3648 620021
3649 621228
3650 620039
3651 622177
3652 624777
3653 625841
3654 625602
3655 626269
3656 627870
3657 628709
3658 630584
3659 630938
3660 632920
3661 631806
3662 633878
3663 634134
3664 636635
3665 635774
3666 636785
3667 637126
3668 638386
3669 639122
3670 639504
3671 640203
3672 642972
3673 644533
3674 645312
3675 645445
3676 646392
3677 648433
3678 649076
3679 650884
3680 651948
3681 652329
3682 656847
3683 655249
3684 656119
3685 656111
3686 659040
3687 662039
3688 661924
3689 662782
3690 664648
3691 666179
3692 667218
3693 668104
3694 669274
3695 671116
3696 671401
3697 672666
3698 673664
3699 673936
3700 673286
3701 675925
3702 675929
3703 675868
3704 676978
3705 678228
3706 678370
3707 679533
3708 677705
3709 681265
3710 680541
3711 681877
3712 684155
3713 685790
3714 686719
3715 688269
3716 685625
3717 688375
3718 689016
3719 687650
3720 691963
3721 694278
3722 695250
3723 697861
3724 699270
3725 698192
3726 699399
3727 698955
3728 701796
3729 704444
3730 703154
3731 703461
3732 707811
3733 707740
3734 707994
3735 708749
3736 710465
3737 711651
3738 710697
3739 710465
3740 714407
3741 715296
3742 714782
3743 714972
3744 715870
3745 716906
3746 718165
3747 717909
3748 716054
3749 718813
3750 717563
3751 720402
3752 720666
3753 723597
3754 725959
3755 724271
3756 726101
3757 725263
3758 725496
3759 727988
3760 729725
3761 729854
3762 733087
3763 734957
3764 735190
3765 736202
3766 737728
3767 735397
3768 738514
3769 738260
3770 740103
3771 741747
3772 740706
3773 741505
3774 746238
3775 742479
3776 744170
3777 745758
3778 745159
3779 747067
3780 748992
3781 747150
3782 748571
3783 748354
3784 750061
3785 751909
3786 752925
3787 753337
3788 753465
3789 752420
3790 754798
3791 756369
3792 755266
3793 755995
3794 757572
3795 758386
3796 761638
3797 759655
3798 759797
3799 762675
3800 763499
3801 764438
3802 766763
3803 766577
3804 768201
3805 771509
3806 770291
3807 770000
3808 774701
3809 775287
3810 776785
3811 772186
3812 774284
3813 777319
3814 774314
3815 775750
3816 779226
3817 777808
3818 779060
3819 780271
3820 780757
3821 781940
3822 781803
3823 782290
3824 782311
3825 782795
3826 781673
3827 784349
3828 783876
3829 784931
3830 784624
3831 785056
3832 786133
3833 785719
3834 789395
3835 789951
3836 791987
3837 790877
3838 794125
3839 794813
3840 792451
3841 796370
3842 795198
3843 796649
3844 797336
3845 798715
3846 801014
3847 802244
3848 801286
3849 802545
3850 804379
3851 806058
3852 809397
3853 806540
3854 808561
3855 807858
3856 808554
3857 806905
3858 808228
3859 809028
3860 810359
3861 808965
3862 806381
3863 807194
3864 808569
3865 805435
3866 809686
3867 812674
3868 812337
3869 814668
3870 812110
3871 813982
3872 812683
3873 811621
3874 814385
3875 816080
3876 817122
3877 819041
3878 819177
3879 818897
3880 821075
3881 821307
3882 821190
3883 824617
3884 823897
3885 827172
3886 828445
3887 825096
3888 827474
3889 830224
3890 827210
3891 830171
3892 829955
3893 829837
3894 829032
3895 829179
3896 829724
3897 832657
3898 829924
3899 828902
3900 832310
3901 830275
3902 831564
3903 831652
3904 826871
3905 830366
3906 829513
3907 829271
3908 831486
3909 830497
3910 833632
3911 834994
3912 832415
3913 831301
3914 835054
3915 835929
3916 837578
3917 840407
3918 841130
3919 840957
3920 841170
3921 841667
3922 844395
3923 843165
3924 846183
3925 846557
3926 845344
3927 848786
3928 847962
3929 844788
3930 849208
3931 850440
3932 849210
3933 850119
3934 847776
3935 848827
3936 851531
3937 849426
3938 847558
3939 849756
3940 848407
3941 849255
3942 848279
3943 845647
3944 848384
3945 848607
3946 847057
3947 849104
3948 849339
3949 847372
3950 851512
3951 851161
3952 851016
3953 853817
3954 850131
3955 852325
3956 853155
3957 854896
3958 857929
3959 856023
3960 856202
3961 859828
3962 855100
3963 859604
3964 861744
3965 861680
3966 864067
3967 862706
3968 860731
3969 862529
3970 863179
3971 861748
3972 862312
3973 861604
3974 860057
3975 862145
3976 859245
3977 860563
3978 860500
3979 857425
3980 859101
3981 860627
3982 860654
3983 858141
3984 859325
3985 856790
3986 857672
3987 856535
3988 856969
3989 861237
3990 859563
3991 861250
3992 863485
3993 860081
3994 863036
3995 864910
3996 863028
3997 865241
3998 865700
3999 864238
4000 870914
4001 867564
4002 868144
4003 871381
4004 867886
4005 869641
4006 873213
4007 872189
4008 871477
4009 872352
4010 867339
4011 870244
4012 870612
4013 865456
4014 868654
4015 868203
4016 865987
4017 867278
4018 863337
4019 865682
4020 864057
4021 861708
4022 866022
4023 863756
4024 861577
4025 863880
4026 866177
4027 861919
4028 862864
4029 862301
4030 863158
4031 866974
4032 864298
4033 864696
4034 867196
4035 866356
4036 869729
4037 868415
4038 867222
4039 869786
4040 871498
4041 870950
4042 871323
4043 871740
4044 871503
4045 876152
4046 871438
4047 872151
4048 873271
4049 870992
4050 869293
4051 871166
4052 867443
4053 869742
4054 868187
4055 865338
4056 867960
4057 867999
4058 865394
4059 864958
4060 864510
4061 863227
4062 867843
4063 863696
4064 865198
4065 864935
4066 862466
4067 864225
4068 861220
4069 861279
4070 866778
4071 865593
4072 869233
4073 869930
4074 864704
4075 868511
4076 868196
4077 865027
4078 868166
4079 868930
4080 866296
4081 871753
4082 869718
4083 869719
4084 872441
4085 866356
4086 868823
4087 870187
4088 866501
4089 869077
4090 866075
4091 862270
4092 865612
4093 863108
4094 863053
4095 865610
4096 860096
4097 859055
4098 862315
4099 858100
4100 856186
4101 857104
4102 853788
4103 855965
4104 858908
4105 856615
4106 859515
4107 858940
4108 857026
4109 857642
4110 854350
4111 855068
4112 858837
4113 856837
4114 859148
4115 859209
4116 858659
4117 860620
4118 861614
4119 856034
4120 862849
4121 863333
4122 858975
4123 863241
4124 859703
4125 859424
4126 860299
4127 855596
4128 858643
4129 856792
4130 854256
4131 854765
4132 855021
4133 850713
4134 854587
4135 851855
4136 848398
4137 853783
4138 850516
4139 847729
4140 851117
4141 842760
4142 846714
4143 848569
4144 842613
4145 844785
4146 846841
4147 843125
4148 846002
4149 845100
4150 841650
4151 847149
4152 843413
4153 844367
4154 847562
4155 842202
4156 845231
4157 844968
4158 840591
4159 843786
4160 841344
4161 839965
4162 843008
4163 842069
4164 841278
4165 844361
4166 839835
4167 838145
4168 840282
4169 837182
4170 837376
4171 838022
4172 831628
4173 832808
4174 834622
4175 830004
4176 832772
4177 831410
4178 826403
4179 830686
4180 826467
4181 825958
4182 828400
4183 824942
4184 826487
4185 828271
4186 824721
4187 828776
4188 829679
4189 825183
4190 825991
4191 824892
4192 821520
4193 826434
4194 823817
4195 825851
4196 827521
4197 822628
4198 824356
4199 823637
4200 820332
4201 824656
4202 821733
4203 818531
4204 821659
4205 818092
4206 816073
4207 818255
4208 814886
4209 814238
4210 816980
4211 811078
4212 814198
4213 813470
4214 806870
4215 812124
4216 807187
4217 803908
4218 810173
4219 804339
4220 803522
4221 806587
4222 803349
4223 801627
4224 803007
4225 798365
4226 804294
4227 802295
4228 799010
4229 805582
4230 803156
4231 798870
4232 803180
4233 798161
4234 798719
4235 800275
4236 797595
4237 797851
4238 798788
4239 793698
4240 796499
4241 794219
4242 791236
4243 795914
4244 793391
4245 788859
4246 793887
4247 787702
4248 784743
4249 790821
4250 785427
4251 785128
4252 786488
4253 781169
4254 782611
4255 777879
4256 776293
4257 782891
4258 778234
4259 777547
4260 782898
4261 778171
4262 774917
4263 778238
4264 773784
4265 775609
4266 777243
4267 770565
4268 776240
4269 775189
4270 766741
4271 773105
4272 768547
4273 767439
4274 771698
4275 767342
4276 767955
4277 770243
4278 766185
4279 765874
4280 765736
4281 758925
4282 762022
4283 759439
4284 753692
4285 760097
4286 755130
4287 749734
4288 756018
4289 750105
4290 749623
4291 752229
4292 747011
4293 749823
4294 750462
4295 742303
4296 745012
4297 743052
4298 739128
4299 744214
4300 740526
4301 741023
4302 744742
4303 739519
4304 738265
4305 741731
4306 735771
4307 738474
4308 738226
4309 736092
4310 741447
4311 738236
4312 733308
4313 738492
4314 731433
4315 729586
4316 733696
4317 728415
4318 728267
4319 728266
4320 724238
4321 727235
4322 726157
4323 721710
4324 725119
4325 723827
4326 718910
4327 723142
4328 713541
4329 713348
4330 717499
4331 711281
4332 710646
4333 712385
4334 705415
4335 708718
4336 707799
4337 704231
4338 706559
4339 706399
4340 702857
4341 706147
4342 703057
4343 703556
4344 705445
4345 698809
4346 700350
4347 701611
4348 695386
4349 700231
4350 699281
4351 693137
4352 698706
4353 694626
4354 690433
4355 696701
4356 692045
4357 691981
4358 694167
4359 685893
4360 688483
4361 689280
4362 682609
4363 681679
4364 681367
4365 678004
4366 681509
4367 675874
4368 672183
4369 679364
4370 671661
4371 671385
4372 675344
4373 669278
4374 672112
4375 672134
4376 664083
4377 667219
4378 666077
4379 660665
4380 666594
4381 660850
4382 657673
4383 665780
4384 657174
4385 657806
4386 660908
4387 657130
4388 659096
4389 660508
4390 654900
4391 661111
4392 656043
4393 651539
4394 657711
4395 649814
4396 646703
4397 649516
4398 643305
4399 644127
4400 648423
4401 639875
4402 642859
4403 643875
4404 636387
4405 641687
4406 635901
4407 631766
4408 636349
4409 628257
4410 625507
4411 632291
4412 620583
4413 620006
4414 627260
4415 618892
4416 621724
4417 623285
4418 615898
4419 621229
4420 614350
4421 611844
4422 617821
4423 614016
4424 613366
4425 619427
4426 610096
4427 612192
4428 614356
4429 609415
4430 612613
4431 610498
4432 604426
4433 612504
4434 606538
4435 602144
4436 609104
4437 602385
4438 603442
4439 605383
4440 597339
4441 599510
4442 600660
4443 592058
4444 594800
4445 592317
4446 588043
4447 591790
4448 586689
4449 583050
4450 588184
4451 581209
4452 580285
4453 582108
4454 574238
4455 577660
4456 579259
4457 571076
4458 574274
4459 572589
4460 568125
4461 571261
4462 569096
4463 568287
4464 573406
4465 566147
4466 566952
4467 571138
4468 561797
4469 565352
4470 565872
4471 560724
4472 566242
4473 561207
4474 559048
4475 564244
4476 556416
4477 553447
4478 557837
4479 552899
4480 552030
4481 556052
4482 545869
4483 550618
4484 548840
4485 539648
4486 547595
4487 541976
4488 537439
4489 539364
4490 532348
4491 529776
4492 533757
4493 526458
4494 528284
4495 533031
4496 525135
4497 529774
4498 530025
4499 523490
4500 529496
4501 524905
4502 520639
4503 527147
4504 518681
4505 521367
4506 524415
4507 516535
4508 519364
4509 522210
4510 514173
4511 519016
4512 518635
4513 510868
4514 518371
4515 514668
4516 509915
4517 514838
4518 506047
4519 505685
4520 511980
4521 499674
4522 503113
4523 502093
4524 493059
4525 498884
4526 493965
4527 489914
4528 494883
4529 489315
4530 486968
4531 490488
4532 482043
4533 481234
4534 485866
4535 476870
4536 479746
4537 482748
4538 472688
4539 480082
4540 477550
4541 472595
4542 480408
4543 475303
4544 473545
4545 477297
4546 469272
4547 469899
4548 475257
4549 465173
4550 468743
4551 470690
4552 463037
4553 470095
4554 466431
4555 460150
4556 467973
4557 461148
4558 456154
4559 462153
4560 452705
4561 454781
4562 457673
4563 448962
4564 453896
4565 451030
4566 442128
4567 447544
4568 444132
4569 437860
4570 444198
4571 438625
4572 436150
4573 440931
4574 432953
4575 436647
4576 439161
4577 432849
4578 435024
4579 435231
4580 428985
4581 432635
4582 428869
4583 425377
4584 431254
4585 427029
4586 426135
4587 430376
4588 423237
4589 424415
4590 426885
4591 417089
4592 421688
4593 422262
4594 413701
4595 421047
4596 415531
4597 410606
4598 418161
4599 409660
4600 407156
4601 411753
4602 401071
4603 401724
4604 404744
4605 395523
4606 397945
4607 399585
4608 392755
4609 399489
4610 396765
4611 392261
4612 398368
4613 390121
4614 390420
4615 392365
4616 381561
4617 387755
4618 387199
4619 381150
4620 387138
4621 384904
4622 380539
4623 384988
4624 379709
4625 378841
4626 384181
4627 375960
4628 379314
4629 383237
4630 373107
4631 376241
4632 375694
4633 368698
4634 374723
4635 369582
4636 365531
4637 371270
4638 364955
4639 361878
4640 369261
4641 361172
4642 359600
4643 363502
4644 354516
4645 357949
4646 357567
4647 346828
4648 354643
4649 352357
4650 347024
4651 352851
4652 348361
4653 346752
4654 349024
4655 343126
4656 344696
4657 346194
4658 337883
4659 342005
4660 342560
4661 334004
4662 340430
4663 337200
4664 332749
4665 339341
4666 333703
4667 332764
4668 338621
4669 328457
4670 332095
4671 334112
4672 323060
4673 327010
4674 325715
4675 318846
4676 323849
4677 319939
4678 316455
4679 323073
4680 314865
4681 314524
4682 320866
4683 310286
4684 312898
4685 315709
4686 307574
4687 312671
4688 309413
4689 304845
4690 311705
4691 307297
4692 302612
4693 309055
4694 302426
4695 299954
4696 304818
4697 296775
4698 301194
4699 303262
4700 295255
4701 302501
4702 301815
4703 292766
4704 299536
4705 295104
4706 291053
4707 295919
4708 288670
4709 290199
4710 292833
4711 284800
4712 287868
4713 289243
4714 280533
4715 284986
4716 282784
4717 275028
4718 282600
4719 274968
4720 272957
4721 280268
4722 272339
4723 273327
4724 277198
4725 266690
4726 272844
4727 272679
4728 262646
4729 269778
4730 266727
4731 260426
4732 267904
4733 263996
4734 260525
4735 268757
4736 258263
4737 260230
4738 264822
4739 254975
4740 260363
4741 261671
4742 253458
4743 259601
4744 256655
4745 251443
4746 256948
4747 251692
4748 250245
4749 253892
4750 247790
4751 248202
4752 250614
4753 242129
4754 245828
4755 245045
4756 236763
4757 244069
4758 239743
4759 234870
4760 240985
4761 234966
4762 233986
4763 238741
4764 231343
4765 234552
4766 236042
4767 227883
4768 234045
4769 232008
4770 224986
4771 231218
4772 228137
4773 220996
4774 229706
4775 223266
4776 222666
4777 229112
4778 220567
4779 224893
4780 226563
4781 218890
4782 224372
4783 223281
4784 216606
4785 220671
4786 216567
4787 211228
4788 216730
4789 209424
4790 209069
4791 215725
4792 205732
4793 208843
4794 211704
4795 202839
4796 208000
4797 205726
4798 201371
4799 206527
4800 201241
4801 198240
4802 203085
4803 195453
4804 195347
4805 199167
4806 192860
4807 195027
4808 196116
4809 190479
4810 196167
4811 194927
4812 188475
4813 195382
4814 190585
4815 190576
4816 194596
4817 188455
4818 190748
4819 190787
4820 184663
4821 189061
4822 188282
4823 182937
4824 186965
4825 186254
4826 180740
4827 185953
4828 180852
4829 179355
4830 183203
4831 174788
4832 178483
4833 180526
4834 171141
4835 176404
4836 175241
4837 169574
4838 173969
4839 170294
4840 167864
4841 172230
4842 167109
4843 165283
4844 168713
4845 162519
4846 164553
4847 167682
4848 159411
4849 164946
4850 162959
4851 156707
4852 164013
4853 159454
4854 158532
4855 164018
4856 157868
4857 158717
4858 160880
4859 154730
4860 157749
4861 157272
4862 151407
4863 157453
4864 155152
4865 148047
4866 155465
4867 151043
4868 146807
4869 153216
4870 144757
4871 147065
4872 149500
4873 142577
4874 147213
4875 146690
4876 140765
4877 145272
4878 143810
4879 139312
4880 143418
4881 138701
4882 136206
4883 141434
4884 135218
4885 134526
4886 138712
4887 133022
4888 137392
4889 137150
4890 132133
4891 137070
4892 133799
4893 131149
4894 135961
4895 131377
4896 130924
4897 135538
4898 128807
4899 129013
4900 130728
4901 123946
4902 127032
4903 127848
4904 121349
4905 128481
4906 125433
4907 122749
4908 128527
4909 122138
4910 120649
4911 125598
4912 117545
4913 119256
4914 120967
4915 114503
4916 117306
4917 118329
4918 111621
4919 116133
4920 114019
4921 111586
4922 116426
4923 112066
4924 110408
4925 114340
4926 109197
4927 111103
4928 113679
4929 106864
4930 111587
4931 110462
4932 106801
4933 109874
4934 106515
4935 104729
4936 108774
4937 104166
4938 104360
4939 107901
4940 101798
4941 104185
4942 104962
4943 98766
4944 104229
4945 102589
4946 98828
4947 103086
4948 99114
4949 98031
4950 101157
4951 97265
4952 97161
4953 98792
4954 93608
4955 95634
4956 96380
4957 91339
4958 94810
4959 93811
4960 89971
4961 94743
4962 90768
4963 90272
4964 93668
4965 89044
4966 89701
4967 91370
4968 87883
4969 89637
4970 90527
4971 85516
4972 89347
4973 87427
4974 82687
4975 88253
4976 83475
4977 82699
4978 86745
4979 82052
4980 83414
4981 85506
4982 79920
4983 83367
4984 82835
4985 78504
4986 83197
4987 79542
4988 77672
4989 81070
4990 76717
4991 76455
4992 79341
4993 73776
4994 75505
4995 77029
4996 71154
4997 75729
4998 74409
4999 70681
5000 76008
5001 72583
5002 71819
5003 75223
5004 70517
5005 71538
5006 73754
5007 68050
5008 70442
5009 71997
5010 67171
5011 70097
5012 69856
5013 65993
5014 70431
5015 67312
5016 65624
5017 70273
5018 66055
5019 66298
5020 70048
5021 65484
5022 66630
5023 66882
5024 62657
5025 64935
5026 63157
5027 59742
5028 63284
5029 60325
5030 58396
5031 62809
5032 58000
5033 59010
5034 61912
5035 56491
5036 59952
5037 59540
5038 55515
5039 59502
5040 57541
5041 54558
5042 58351
5043 54813
5044 53700
5045 57188
5046 52894
5047 53818
5048 56501
5049 51252
5050 54201
5051 55028
5052 51747
5053 54606
5054 53915
5055 51918
5056 54213
5057 51510
5058 50964
5059 53357
5060 49925
5061 51194
5062 52206
5063 47883
5064 50402
5065 49290
5066 46151
5067 49137
5068 46677
5069 45288
5070 49242
5071 45093
5072 45653
5073 48454
5074 44365
5075 45813
5076 46351
5077 42903
5078 45463
5079 44848
5080 41444
5081 45382
5082 43366
5083 40996
5084 44406
5085 41390
5086 41108
5087 43458
5088 40313
5089 42096
5090 43010
5091 40222
5092 43351
5093 42177
5094 40621
5095 43384
5096 40142
5097 39719
5098 40939
5099 37742
5100 37864
5101 40090
5102 36469
5103 38434
5104 38303
5105 34655
5106 37931
5107 35993
5108 34064
5109 37333
5110 34432
5111 34155
5112 36470
5113 33488
5114 34110
5115 35774
5116 32020
5117 33140
5118 33786
5119 30514
5120 32682
5121 32069
5122 30328
5123 32934
5124 31347
5125 30780
5126 33606
5127 30627
5128 31997
5129 32840
5130 29706
5131 32446
5132 32094
5133 29951
5134 32436
5135 29940
5136 28654
5137 30628
5138 27724
5139 26908
5140 29809
5141 26124
5142 27793
5143 28999
5144 26168
5145 28904
5146 28059
5147 25965
5148 28521
5149 26586
5150 24772
5151 27380
5152 24692
5153 24185
5154 25463
5155 23110
5156 24104
5157 24743
5158 22376
5159 24486
5160 24467
5161 22587
5162 25290
5163 23862
5164 23567
5165 25542
5166 23213
5167 23822
5168 24406
5169 21339
5170 23021
5171 22940
5172 20512
5173 22203
5174 21918
5175 20556
5176 22404
5177 20916
5178 20597
5179 22097
5180 19199
5181 19887
5182 21532
5183 18731
5184 20214
5185 20133
5186 18306
5187 20272
5188 18663
5189 17488
5190 19311
5191 17740
5192 16760
5193 18530
5194 16441
5195 17096
5196 18318
5197 16131
5198 18327
5199 17861
5200 16443
5201 18523
5202 17021
5203 16362
5204 17819
5205 16022
5206 15966
5207 17404
5208 15387
5209 15908
5210 16318
5211 14228
5212 15621
5213 15502
5214 13808
5215 15842
5216 15118
5217 14342
5218 16082
5219 13972
5220 14352
5221 15518
5222 13036
5223 13999
5224 14322
5225 12082
5226 13408
5227 12999
5228 11310
5229 13284
5230 12183
5231 11402
5232 13393
5233 11501
5234 11934
5235 13471
5236 10834
5237 12423
5238 12769
5239 10921
5240 12757
5241 11711
5242 10858
5243 12470
5244 10926
5245 10203
5246 11592
5247 10157
5248 10416
5249 11021
5250 9435
5251 10380
5252 10609
5253 9218
5254 11062
5255 10207
5256 9474
5257 11102
5258 9366
5259 9160
5260 10409
5261 8675
5262 8965
5263 9455
5264 7532
5265 8538
5266 8837
5267 7176
5268 8818
5269 8132
5270 7230
5271 9306
5272 7969
5273 7748
5274 9447
5275 7678
5276 8079
5277 8860
5278 7032
5279 7941
5280 8059
5281 6420
5282 7532
5283 7168
5284 6204
5285 7687
5286 6765
5287 6991
5288 8129
5289 6778
5290 7214
5291 7783
5292 6157
5293 7089
5294 6766
5295 5611
5296 6790
5297 6229
5298 5591
5299 6568
5300 5495
5301 5412
5302 6077
5303 4788
5304 5155
5305 5978
5306 4710
5307 5610
5308 5658
5309 4771
5310 5897
5311 5284
5312 4527
5313 5763
5314 4712
5315 4498
5316 5505
5317 4330
5318 4745
5319 5172
5320 4082
5321 4727
5322 4771
5323 3838
5324 4773
5325 4344
5326 4158
5327 5120
5328 4203
5329 4788
5330 5246
5331 4278
5332 4746
5333 4742
5334 3392
5335 3842
5336 3678
5337 2971
5338 3838
5339 3402
5340 3462
5341 4059
5342 3270
5343 3427
5344 4034
5345 3035
5346 3461
5347 3688
5348 2828
5349 3749
5350 3280
5351 2902
5352 3619
5353 2892
5354 2590
5355 3217
5356 2352
5357 2619
5358 3165
5359 2285
5360 3222
5361 3206
5362 2468
5363 3635
5364 2992
5365 2387
5366 3139
5367 2491
5368 2247
5369 2921
5370 2184
5371 2480
5372 2940
5373 2040
5374 2466
5375 2500
5376 1764
5377 2232
5378 2001
5379 1582
5380 2395
5381 2021
5382 2025
5383 2567
5384 1983
5385 2121
5386 2332
5387 1521
5388 1858
5389 1802
5390 1282
5391 1967
5392 1665
5393 1403
5394 2187
5395 1578
5396 1454
5397 2061
5398 1427
5399 1759
5400 2163
5401 1298
5402 2034
5403 1996
5404 1292
5405 2058
5406 1601
5407 1137
5408 1648
5409 1247
5410 1046
5411 1504
5412 1074
5413 1212
5414 1585
5415 1073
5416 1522
5417 1460
5418 970
5419 1342
5420 1207
5421 898
5422 1154
5423 1041
5424 905
5425 1238
5426 873
5427 975
5428 1237
5429 743
5430 1014
5431 1091
5432 708
5433 1231
5434 1028
5435 752
5436 1377
5437 932
5438 827
5439 1273
5440 753
5441 868
5442 1167
5443 646
5444 905
5445 1004
5446 522
5447 888
5448 707
5449 556
5450 862
5451 654
5452 595
5453 901
5454 576
5455 645
5456 832
5457 475
5458 764
5459 707
5460 522
5461 713
5462 557
5463 421
5464 597
5465 443
5466 392
5467 601
5468 449
5469 611
5470 662
5471 495
5472 658
5473 682
5474 442
5475 646
5476 606
5477 391
5478 574
5479 484
5480 342
5481 571
5482 404
5483 435
5484 530
5485 316
5486 421
5487 482
5488 216
5489 365
5490 296
5491 244
5492 380
5493 285
5494 325
5495 439
5496 240
5497 245
5498 320
5499 162
5500 288
5501 284
5502 168
5503 355
5504 299
5505 208
5506 345
5507 239
5508 224
5509 331
5510 204
5511 250
5512 306
5513 198
5514 303
5515 283
5516 199
5517 297
5518 228
5519 107
5520 172
5521 168
5522 133
5523 216
5524 167
5525 234
5526 283
5527 118
5528 161
5529 169
5530 91
5531 113
5532 119
5533 79
5534 163
5535 99
5536 95
5537 142
5538 60
5539 63
5540 118
5541 47
5542 98
5543 137
5544 52
5545 164
5546 124
5547 74
5548 135
5549 93
5550 65
5551 122
5552 84
5553 66
5554 85
5555 56
5556 113
5557 111
5558 50
5559 86
5560 76
5561 13
5562 39
5563 30
5564 34
5565 67
5566 51
5567 63
5568 77
5569 34
5570 33
5571 53
5572 10
5573 18
5574 19
5575 6
5576 48
5577 25
5578 10
5579 41
5580 15
5581 19
5582 49
5583 18
5584 19
5585 45
5586 18
5587 41
5588 45
5589 10
5590 32
5591 12
5592 6
5593 9
5594 9
5595 11
5596 17
5597 9
5598 34
5599 32
5600 11
5601 23
5602 12
5603 2
5604 2
5605 4
5606 4
5607 7
5608 7
5609 10
5610 5
5611 5
5612 3
5613 6
5614 1
5615 5
5616 3
5617 2
5618 10
5619 5
5620 3
5621 11
5622 5
5623 5
5624 8
5625 1
5626 2
5627 10
5628 0
5629 6
5630 8
5631 0
5632 7
5633 2
5634 0
5635 1
5636 0
5637 2
5638 1
5639 1
5640 3
5641 9
5642 1
5643 1
5644 0
5645 0
5646 0
5647 0
5648 0
5649 1
5650 0
5651 0
5652 0
5653 0
5654 0
5655 1
5656 0
5657 0
5658 2
5659 1
5660 2
5661 1
5662 0
5663 1
5664 0
5665 0
5666 0
5667 0
5668 0
5669 1
5670 0
5671 0
5672 1
5673 0
5674 3
5675 0
5676 0
5677 0
5678 0
5679 0
5680 0
5681 0
5682 0
5683 0
5684 0
5685 0
5686 0
5687 0
5688 0
5689 0
5690 0
5691 0
5692 0
5693 0
5694 0
5695 0
5696 0
5697 0
5698 0
5699 0
5700 0
5701 0
5702 0
5703 0
5704 0
5705 0
5706 0
5707 0
5708 0
5709 0
5710 0
5711 0
5712 0
5713 0
5714 0
5715 0
5716 0
5717 0
5718 0
5719 0
5720 0
5721 0
5722 0
5723 0
5724 0
5725 0
5726 0
5727 0
5728 0
5729 0
5730 0
5731 0
5732 0
5733 0
5734 0
5735 0
5736 0
5737 0
5738 0
5739 0
5740 0
5741 0
5742 0
5743 0
5744 0
5745 0
5746 0
5747 0
5748 0
5749 0
5750 0
5751 0
5752 0
5753 0
5754 0
5755 0
5756 0
5757 0
5758 0
5759 0
5760 0
5761 0
5762 0
5763 0
5764 0
5765 0
5766 0
5767 0
5768 0
5769 0
5770 0
5771 0
5772 0
5773 0
5774 0
5775 0
5776 0
5777 0
5778 0
5779 0
5780 0
5781 0
5782 0
5783 0
5784 0
5785 0
5786 0
5787 0
5788 0
5789 0
5790 0
5791 0
5792 0
5793 0
5794 0
5795 0
5796 0
5797 0
5798 0
5799 0
5800 0
5801 0
5802 0
5803 0
5804 0
5805 0
5806 0
5807 0
5808 0
5809 0
5810 0
5811 0
5812 0
5813 0
5814 0
5815 0
5816 0
5817 0
5818 0
5819 0
5820 0
5821 0
5822 0
5823 0
5824 0
5825 0
5826 0
5827 0
5828 0
5829 0
5830 0
5831 0
5832 0
5833 0
5834 0
5835 0
5836 0
5837 0
5838 0
5839 0
5840 0
5841 0
5842 0
5843 0
5844 0
5845 0
5846 0
5847 0
5848 0
5849 0
5850 0
5851 0
5852 0
5853 0
5854 0
5855 0
5856 0
5857 0
5858 0
5859 0
5860 0
5861 0
5862 0
5863 0
5864 0
5865 0
5866 0
5867 0
5868 0
5869 0
5870 0
5871 0
5872 0
5873 0
5874 0
5875 0
5876 0
5877 0
5878 0
5879 0
5880 0
5881 0
5882 0
5883 0
5884 0
5885 0
5886 0
5887 0
5888 0
5889 0
5890 0
5891 0
5892 0
5893 0
5894 0
5895 0
5896 0
5897 0
5898 0
5899 0
5900 0
5901 0
5902 0
5903 0
5904 0
5905 0
5906 0
5907 0
5908 0
5909 0
5910 0
5911 0
5912 0
5913 0
5914 0
5915 0
5916 0
5917 0
5918 0
5919 0
5920 0
5921 0
5922 0
5923 0
5924 0
5925 0
5926 0
5927 0
5928 0
5929 0
5930 0
5931 0
5932 0
5933 0
5934 0
5935 0
5936 0
5937 0
5938 0
5939 0
5940 0
5941 0
5942 0
5943 0
5944 0
5945 0
5946 0
5947 0
5948 0
5949 0
5950 0
5951 0
5952 0
5953 0
5954 0
5955 0
5956 0
5957 0
5958 0
5959 0
5960 0
5961 0
5962 0
5963 0
5964 0
5965 0
5966 0
5967 0
5968 0
5969 0
5970 0
5971 0
5972 0
5973 0
5974 0
5975 0
5976 0
5977 0
5978 0
5979 0
5980 0
5981 0
5982 0
5983 0
5984 0
5985 0
5986 0
5987 0
5988 0
5989 0
5990 0
5991 0
5992 0
5993 0
5994 0
5995 0
5996 0
5997 0
5998 0
5999 0
