0 0
1 0
2 0
3 0
4 0
5 0
6 0
7 0
8 0
9 0
10 0
11 0
12 0
13 0
14 0
15 0
16 0
17 0
18 0
19 0
20 0
21 0
22 0
23 0
24 0
25 0
26 0
27 0
28 0
29 0
30 0
31 0
32 0
33 0
34 0
35 0
36 0
37 0
38 0
39 0
40 0
41 0
42 0
43 0
44 0
45 0
46 0
47 0
48 0
49 0
50 0
51 0
52 0
53 0
54 0
55 0
56 0
57 0
58 0
59 0
60 0
61 0
62 0
63 0
64 0
65 0
66 0
67 0
68 0
69 0
70 0
71 0
72 0
73 0
74 0
75 0
76 0
77 0
78 0
79 0
80 0
81 0
82 0
83 0
84 0
85 0
86 0
87 0
88 0
89 0
90 0
91 0
92 0
93 0
94 0
95 0
96 0
97 0
98 0
99 0
100 0
101 0
102 0
103 0
104 0
105 0
106 0
107 0
108 0
109 0
110 0
111 0
112 0
113 0
114 0
115 0
116 0
117 0
118 0
119 0
120 0
121 0
122 0
123 0
124 0
125 0
126 0
127 0
128 0
129 0
130 0
131 0
132 0
133 0
134 0
135 0
136 0
137 0
138 0
139 0
140 0
141 0
142 0
143 0
144 0
145 0
146 0
147 0
148 0
149 0
150 0
151 0
152 0
153 0
154 0
155 0
156 0
157 0
158 0
159 0
160 0
161 0
162 0
163 0
164 0
165 0
166 0
167 0
168 0
169 0
170 0
171 0
172 0
173 0
174 0
175 0
176 0
177 0
178 0
179 0
180 0
181 0
182 0
183 0
184 0
185 0
186 0
187 0
188 0
189 0
190 0
191 0
192 0
193 0
194 0
195 0
196 0
197 0
198 0
199 0
200 0
201 0
202 0
203 0
204 0
205 0
206 0
207 0
208 0
209 0
210 0
211 0
212 0
213 0
214 0
215 0
216 0
217 0
218 0
219 0
220 0
221 0
222 0
223 0
224 0
225 0
226 0
227 0
228 0
229 0
230 0
231 0
232 0
233 0
234 0
235 0
236 0
237 0
238 0
239 0
240 0
241 0
242 0
243 0
244 0
245 0
246 0
247 0
248 0
249 0
250 0
251 0
252 0
253 0
254 0
255 0
256 0
257 0
258 0
259 0
260 0
261 0
262 0
263 0
264 0
265 0
266 0
267 0
268 0
269 0
270 0
271 0
272 0
273 0
274 0
275 0
276 0
277 0
278 0
279 0
280 0
281 0
282 0
283 0
284 0
285 0
286 0
287 0
288 0
289 0
290 0
291 0
292 0
293 0
294 0
295 0
296 0
297 0
298 0
299 0
300 0
301 0
302 0
303 0
304 0
305 0
306 0
307 0
308 0
309 0
310 0
311 0
312 0
313 0
314 0
315 0
316 0
317 0
318 0
319 0
320 0
321 0
322 0
323 0
324 0
325 0
326 0
327 0
328 0
329 0
330 0
331 0
332 0
333 0
334 0
335 0
336 0
337 0
338 0
339 0
340 0
341 0
342 0
343 0
344 0
345 0
346 0
347 0
348 0
349 0
350 0
351 0
352 0
353 0
354 0
355 0
356 0
357 0
358 0
359 0
360 0
361 0
362 0
363 0
364 0
365 0
366 0
367 0
368 0
369 0
370 0
371 0
372 0
373 0
374 0
375 0
376 0
377 0
378 0
379 0
380 0
381 0
382 0
383 0
384 0
385 0
386 0
387 0
388 0
389 0
390 0
391 0
392 0
393 0
394 0
395 0
396 0
397 0
398 0
399 0
400 0
401 0
402 0
403 0
404 0
405 0
406 0
407 0
408 0
409 0
410 0
411 0
412 0
413 0
414 0
415 0
416 0
417 0
418 0
419 0
420 0
421 0
422 0
423 0
424 0
425 0
426 0
427 0
428 0
429 0
430 0
431 0
432 0
433 0
434 0
435 0
436 0
437 0
438 0
439 0
440 0
441 0
442 0
443 0
444 0
445 0
446 0
447 0
448 0
449 0
450 0
451 0
452 0
453 0
454 0
455 0
456 0
457 0
458 0
459 0
460 0
461 0
462 0
463 0
464 0
465 0
466 0
467 0
468 0
469 0
470 0
471 0
472 0
473 0
474 0
475 0
476 0
477 0
478 0
479 0
480 0
481 0
482 0
483 0
484 0
485 0
486 0
487 0
488 0
489 0
490 0
491 0
492 0
493 0
494 0
495 0
496 0
497 0
498 0
499 0
500 0
501 0
502 0
503 0
504 0
505 0
506 0
507 0
508 0
509 0
510 0
511 0
512 0
513 0
514 0
515 0
516 0
517 0
518 0
519 0
520 0
521 0
522 0
523 0
524 0
525 0
526 0
527 0
528 0
529 0
530 0
531 0
532 0
533 0
534 0
535 0
536 0
537 0
538 0
539 0
540 0
541 0
542 0
543 0
544 0
545 0
546 0
547 0
548 0
549 0
550 0
551 0
552 0
553 0
554 0
555 0
556 0
557 0
558 0
559 0
560 0
561 0
562 0
563 0
564 0
565 0
566 0
567 0
568 0
569 0
570 0
571 0
572 0
573 0
574 0
575 0
576 0
577 0
578 0
579 0
580 0
581 0
582 0
583 0
584 0
585 0
586 0
587 0
588 0
589 0
590 0
591 0
592 0
593 0
594 0
595 0
596 0
597 0
598 0
599 0
600 0
601 0
602 0
603 0
604 0
605 0
606 0
607 0
608 0
609 0
610 0
611 0
612 0
613 0
614 0
615 0
616 0
617 0
618 0
619 0
620 0
621 0
622 0
623 0
624 0
625 0
626 0
627 0
628 0
629 0
630 0
631 0
632 0
633 0
634 0
635 0
636 0
637 0
638 0
639 0
640 0
641 0
642 0
643 0
644 0
645 0
646 0
647 0
648 0
649 0
650 0
651 0
652 0
653 0
654 0
655 0
656 0
657 0
658 0
659 0
660 0
661 0
662 0
663 0
664 0
665 0
666 0
667 0
668 0
669 0
670 0
671 0
672 0
673 0
674 0
675 0
676 0
677 0
678 0
679 0
680 0
681 0
682 0
683 0
684 0
685 0
686 0
687 0
688 0
689 0
690 0
691 0
692 0
693 0
694 0
695 0
696 0
697 0
698 0
699 0
700 0
701 0
702 0
703 0
704 0
705 0
706 0
707 0
708 0
709 0
710 0
711 0
712 0
713 0
714 0
715 0
716 0
717 0
718 0
719 0
720 0
721 0
722 0
723 0
724 0
725 0
726 0
727 0
728 0
729 0
730 0
731 0
732 0
733 0
734 0
735 0
736 0
737 0
738 0
739 0
740 0
741 0
742 0
743 0
744 0
745 0
746 0
747 0
748 0
749 0
750 0
751 0
752 0
753 0
754 0
755 0
756 0
757 0
758 0
759 0
760 0
761 0
762 0
763 0
764 0
765 0
766 0
767 0
768 0
769 0
770 0
771 0
772 0
773 0
774 0
775 0
776 0
777 0
778 0
779 0
780 0
781 0
782 0
783 0
784 0
785 0
786 0
787 0
788 0
789 0
790 0
791 0
792 0
793 0
794 0
795 0
796 0
797 0
798 0
799 0
800 0
801 0
802 0
803 0
804 0
805 0
806 0
807 0
808 0
809 0
810 0
811 0
812 0
813 0
814 0
815 0
816 0
817 0
818 0
819 0
820 0
821 0
822 0
823 0
824 0
825 0
826 0
827 0
828 0
829 0
830 0
831 0
832 0
833 0
834 0
835 0
836 0
837 0
838 0
839 0
840 0
841 0
842 0
843 0
844 0
845 0
846 0
847 0
848 0
849 0
850 0
851 0
852 0
853 0
854 0
855 0
856 0
857 0
858 0
859 0
860 0
861 0
862 0
863 0
864 0
865 0
866 0
867 0
868 0
869 0
870 0
871 0
872 0
873 0
874 0
875 0
876 0
877 0
878 0
879 0
880 0
881 0
882 0
883 0
884 0
885 0
886 0
887 0
888 0
889 0
890 0
891 0
892 0
893 0
894 0
895 0
896 0
897 0
898 0
899 0
900 0
901 0
902 0
903 0
904 0
905 0
906 0
907 0
908 0
909 0
910 0
911 0
912 0
913 0
914 0
915 0
916 0
917 0
918 0
919 0
920 0
921 0
922 0
923 0
924 0
925 0
926 0
927 0
928 0
929 0
930 0
931 0
932 0
933 0
934 0
935 0
936 0
937 0
938 0
939 0
940 0
941 0
942 0
943 0
944 0
945 0
946 0
947 0
948 0
949 0
950 0
951 0
952 0
953 0
954 0
955 0
956 0
957 0
958 0
959 0
960 0
961 0
962 0
963 0
964 0
965 0
966 0
967 0
968 0
969 0
970 0
971 0
972 0
973 0
974 0
975 0
976 0
977 0
978 0
979 0
980 0
981 0
982 0
983 0
984 0
985 0
986 0
987 0
988 0
989 0
990 0
991 0
992 0
993 0
994 0
995 0
996 0
997 0
998 0
999 0
1000 0
1001 0
1002 0
1003 0
1004 0
1005 0
1006 0
1007 0
1008 0
1009 0
1010 0
1011 0
1012 0
1013 0
1014 0
1015 0
1016 0
1017 0
1018 0
1019 0
1020 0
1021 0
1022 0
1023 0
1024 0
1025 0
1026 0
1027 0
1028 0
1029 0
1030 0
1031 0
1032 0
1033 0
1034 0
1035 0
1036 0
1037 0
1038 0
1039 0
1040 0
1041 0
1042 0
1043 0
1044 0
1045 0
1046 0
1047 0
1048 0
1049 0
1050 0
1051 0
1052 0
1053 0
1054 0
1055 0
1056 0
1057 0
1058 0
1059 0
1060 0
1061 0
1062 0
1063 0
1064 0
1065 0
1066 0
1067 0
1068 0
1069 0
1070 0
1071 0
1072 0
1073 0
1074 0
1075 0
1076 0
1077 0
1078 0
1079 0
1080 0
1081 0
1082 0
1083 0
1084 0
1085 0
1086 0
1087 0
1088 0
1089 0
1090 0
1091 0
1092 0
1093 0
1094 0
1095 0
1096 0
1097 0
1098 0
1099 0
1100 0
1101 0
1102 0
1103 0
1104 0
1105 0
1106 0
1107 0
1108 0
1109 0
1110 0
1111 0
1112 0
1113 0
1114 0
1115 0
1116 0
1117 0
1118 0
1119 0
1120 0
1121 0
1122 0
1123 0
1124 0
1125 0
1126 0
1127 0
1128 0
1129 0
1130 0
1131 0
1132 0
1133 0
1134 0
1135 0
1136 0
1137 0
1138 0
1139 0
1140 0
1141 0
1142 0
1143 0
1144 0
1145 0
1146 0
1147 0
1148 0
1149 0
1150 0
1151 0
1152 0
1153 0
1154 0
1155 0
1156 0
1157 0
1158 0
1159 0
1160 0
1161 0
1162 0
1163 0
1164 0
1165 0
1166 0
1167 0
1168 0
1169 0
1170 0
1171 0
1172 0
1173 0
1174 0
1175 0
1176 0
1177 0
1178 0
1179 0
1180 0
1181 0
1182 0
1183 0
1184 0
1185 0
1186 0
1187 0
1188 0
1189 0
1190 0
1191 0
1192 0
1193 0
1194 0
1195 0
1196 0
1197 0
1198 0
1199 0
1200 0
1201 0
1202 0
1203 0
1204 0
1205 0
1206 0
1207 0
1208 0
1209 0
1210 0
1211 0
1212 0
1213 0
1214 0
1215 0
1216 0
1217 0
1218 0
1219 0
1220 0
1221 0
1222 0
1223 0
1224 0
1225 0
1226 0
1227 0
1228 0
1229 0
1230 0
1231 0
1232 0
1233 0
1234 0
1235 0
1236 0
1237 0
1238 0
1239 0
1240 0
1241 0
1242 0
1243 0
1244 0
1245 0
1246 0
1247 0
1248 0
1249 0
1250 0
1251 0
1252 0
1253 0
1254 0
1255 0
1256 0
1257 0
1258 0
1259 0
1260 0
1261 0
1262 0
1263 0
1264 0
1265 0
1266 0
1267 0
1268 0
1269 0
1270 0
1271 0
1272 0
1273 0
1274 0
1275 0
1276 0
1277 0
1278 0
1279 0
1280 0
1281 0
1282 0
1283 0
1284 0
1285 0
1286 0
1287 0
1288 0
1289 0
1290 0
1291 0
1292 0
1293 0
1294 0
1295 0
1296 0
1297 0
1298 0
1299 0
1300 0
1301 0
1302 0
1303 0
1304 0
1305 0
1306 0
1307 0
1308 0
1309 0
1310 0
1311 0
1312 0
1313 0
1314 0
1315 0
1316 0
1317 0
1318 0
1319 0
1320 0
1321 0
1322 0
1323 0
1324 0
1325 0
1326 0
1327 0
1328 0
1329 0
1330 0
1331 0
1332 0
1333 0
1334 0
1335 0
1336 0
1337 0
1338 0
1339 0
1340 0
1341 0
1342 0
1343 0
1344 0
1345 0
1346 0
1347 0
1348 0
1349 0
1350 0
1351 0
1352 0
1353 0
1354 0
1355 0
1356 0
1357 0
1358 0
1359 0
1360 0
1361 0
1362 0
1363 0
1364 0
1365 0
1366 0
1367 0
1368 0
1369 0
1370 0
1371 0
1372 0
1373 0
1374 0
1375 0
1376 0
1377 0
1378 0
1379 0
1380 0
1381 0
1382 0
1383 0
1384 0
1385 0
1386 0
1387 0
1388 0
1389 0
1390 0
1391 0
1392 0
1393 0
1394 0
1395 0
1396 0
1397 0
1398 0
1399 0
1400 0
1401 0
1402 0
1403 0
1404 0
1405 0
1406 0
1407 0
1408 0
1409 0
1410 0
1411 0
1412 0
1413 0
1414 0
1415 0
1416 0
1417 0
1418 0
1419 0
1420 0
1421 0
1422 0
1423 0
1424 0
1425 0
1426 0
1427 0
1428 0
1429 0
1430 0
1431 0
1432 0
1433 0
1434 0
1435 0
1436 0
1437 0
1438 0
1439 0
1440 0
1441 0
1442 0
1443 0
1444 0
1445 0
1446 0
1447 0
1448 0
1449 0
1450 0
1451 0
1452 0
1453 0
1454 0
1455 0
1456 0
1457 0
1458 0
1459 0
1460 0
1461 0
1462 0
1463 0
1464 0
1465 0
1466 0
1467 0
1468 0
1469 0
1470 0
1471 0
1472 0
1473 0
1474 0
1475 0
1476 0
1477 0
1478 0
1479 0
1480 0
1481 0
1482 0
1483 0
1484 0
1485 0
1486 0
1487 0
1488 0
1489 0
1490 0
1491 0
1492 0
1493 0
1494 0
1495 0
1496 0
1497 0
1498 0
1499 0
1500 0
1501 0
1502 0
1503 0
1504 0
1505 0
1506 0
1507 0
1508 0
1509 0
1510 0
1511 0
1512 0
1513 0
1514 0
1515 0
1516 0
1517 0
1518 0
1519 0
1520 0
1521 0
1522 0
1523 0
1524 0
1525 0
1526 0
1527 0
1528 0
1529 0
1530 0
1531 0
1532 0
1533 0
1534 0
1535 0
1536 0
1537 0
1538 0
1539 0
1540 0
1541 0
1542 0
1543 0
1544 0
1545 0
1546 0
1547 0
1548 0
1549 0
1550 0
1551 0
1552 0
1553 0
1554 0
1555 0
1556 0
1557 0
1558 0
1559 0
1560 0
1561 0
1562 0
1563 0
1564 0
1565 0
1566 0
1567 0
1568 0
1569 0
1570 0
1571 0
1572 46
1573 0
1574 53
1575 0
1576 0
1577 0
1578 0
1579 0
1580 0
1581 0
1582 0
1583 0
1584 0
1585 0
1586 0
1587 0
1588 0
1589 0
1590 0
1591 0
1592 56
1593 0
1594 41
1595 0
1596 0
1597 0
1598 0
1599 0
1600 0
1601 0
1602 51
1603 0
1604 48
1605 0
1606 0
1607 0
1608 0
1609 0
1610 0
1611 43
1612 0
1613 0
1614 0
1615 0
1616 43
1617 0
1618 0
1619 49
1620 0
1621 0
1622 47
1623 0
1624 54
1625 39
1626 62
1627 51
1628 41
1629 0
1630 0
1631 45
1632 0
1633 98
1634 67
1635 45
1636 61
1637 0
1638 120
1639 0
1640 57
1641 89
1642 0
1643 0
1644 0
1645 0
1646 154
1647 0
1648 53
1649 45
1650 59
1651 0
1652 0
1653 0
1654 59
1655 137
1656 51
1657 210
1658 208
1659 0
1660 0
1661 114
1662 34
1663 102
1664 103
1665 44
1666 58
1667 0
1668 158
1669 0
1670 94
1671 49
1672 46
1673 53
1674 0
1675 56
1676 102
1677 0
1678 52
1679 0
1680 48
1681 0
1682 59
1683 104
1684 41
1685 247
1686 0
1687 195
1688 217
1689 57
1690 0
1691 49
1692 95
1693 46
1694 129
1695 178
1696 155
1697 240
1698 0
1699 0
1700 290
1701 168
1702 132
1703 145
1704 112
1705 164
1706 91
1707 89
1708 42
1709 120
1710 29
1711 111
1712 177
1713 205
1714 90
1715 140
1716 310
1717 56
1718 112
1719 253
1720 108
1721 48
1722 45
1723 100
1724 252
1725 195
1726 279
1727 401
1728 108
1729 42
1730 276
1731 238
1732 251
1733 100
1734 278
1735 217
1736 164
1737 157
1738 109
1739 294
1740 425
1741 234
1742 388
1743 278
1744 290
1745 287
1746 551
1747 255
1748 390
1749 442
1750 296
1751 347
1752 325
1753 173
1754 437
1755 242
1756 399
1757 292
1758 439
1759 316
1760 292
1761 569
1762 478
1763 209
1764 342
1765 432
1766 207
1767 472
1768 419
1769 784
1770 684
1771 841
1772 346
1773 360
1774 499
1775 481
1776 586
1777 516
1778 341
1779 660
1780 262
1781 647
1782 355
1783 588
1784 632
1785 547
1786 474
1787 591
1788 671
1789 639
1790 489
1791 757
1792 568
1793 525
1794 628
1795 855
1796 617
1797 620
1798 541
1799 665
1800 763
1801 903
1802 370
1803 404
1804 563
1805 720
1806 917
1807 699
1808 722
1809 875
1810 672
1811 461
1812 513
1813 996
1814 1282
1815 692
1816 770
1817 874
1818 1109
1819 577
1820 1118
1821 583
1822 1102
1823 1181
1824 831
1825 1129
1826 2383
1827 926
1828 1302
1829 1449
1830 1018
1831 1760
1832 1170
1833 1448
1834 1164
1835 1645
1836 1972
1837 1475
1838 1811
1839 1290
1840 1579
1841 1149
1842 1194
1843 1694
1844 1589
1845 1078
1846 1332
1847 960
1848 1160
1849 1145
1850 1270
1851 1180
1852 1334
1853 1929
1854 1376
1855 1643
1856 3108
1857 1925
1858 1895
1859 2522
1860 1784
1861 2912
1862 1784
1863 2075
1864 1847
1865 2057
1866 2336
1867 1650
1868 2566
1869 1448
1870 2232
1871 2571
1872 2486
1873 1874
1874 2659
1875 2579
1876 1820
1877 1945
1878 2043
1879 1743
1880 2021
1881 2319
1882 2367
1883 2515
1884 2182
1885 2274
1886 2072
1887 2538
1888 2657
1889 2110
1890 2977
1891 2474
1892 3028
1893 2612
1894 2756
1895 4387
1896 3129
1897 2945
1898 3936
1899 2957
1900 3851
1901 3216
1902 3760
1903 3060
1904 3624
1905 3743
1906 2378
1907 3398
1908 2947
1909 2459
1910 3406
1911 3021
1912 3389
1913 4062
1914 3106
1915 4261
1916 3561
1917 3495
1918 4160
1919 3236
1920 3592
1921 3451
1922 4535
1923 4052
1924 3292
1925 6063
1926 4133
1927 5342
1928 4467
1929 4648
1930 5203
1931 4692
1932 4404
1933 4659
1934 5103
1935 4827
1936 4991
1937 6246
1938 4562
1939 3939
1940 5227
1941 5390
1942 5596
1943 5179
1944 6592
1945 5182
1946 6829
1947 6252
1948 5678
1949 6500
1950 5210
1951 5078
1952 5582
1953 5613
1954 6225
1955 5443
1956 5370
1957 7633
1958 5978
1959 5837
1960 7506
1961 6777
1962 5941
1963 6366
1964 7120
1965 7080
1966 7338
1967 7900
1968 6618
1969 6578
1970 7800
1971 7735
1972 8268
1973 7775
1974 8843
1975 8096
1976 9059
1977 7636
1978 8112
1979 8779
1980 7933
1981 8975
1982 7692
1983 8446
1984 9254
1985 8261
1986 7851
1987 8308
1988 9527
1989 8683
1990 8642
1991 8947
1992 8491
1993 8318
1994 7495
1995 8346
1996 7900
1997 9008
1998 7200
1999 8143
2000 9306
2001 8965
2002 9593
2003 8656
2004 9041
2005 10759
2006 10524
2007 9755
2008 10717
2009 10757
2010 10399
2011 12032
2012 10576
2013 10635
2014 11828
2015 12442
2016 11241
2017 11240
2018 11592
2019 13118
2020 11196
2021 10998
2022 13006
2023 10684
2024 11459
2025 11770
2026 12315
2027 14182
2028 12130
2029 12541
2030 14018
2031 11764
2032 14129
2033 11365
2034 12321
2035 13665
2036 14200
2037 13848
2038 13086
2039 14396
2040 12838
2041 14268
2042 14738
2043 13849
2044 14526
2045 14245
2046 14756
2047 14964
2048 12408
2049 15914
2050 15957
2051 12538
2052 16038
2053 15141
2054 15431
2055 15935
2056 14374
2057 17377
2058 15524
2059 15506
2060 15990
2061 15955
2062 16648
2063 16410
2064 14857
2065 16416
2066 16030
2067 18336
2068 16048
2069 15300
2070 18289
2071 19320
2072 17647
2073 17498
2074 19969
2075 18235
2076 18901
2077 19029
2078 17284
2079 18624
2080 19967
2081 20210
2082 16681
2083 19206
2084 19884
2085 18517
2086 17182
2087 18252
2088 21554
2089 19090
2090 18727
2091 25553
2092 21182
2093 21754
2094 23089
2095 22662
2096 23644
2097 23393
2098 25180
2099 22019
2100 23311
2101 26993
2102 23875
2103 22693
2104 25461
2105 24528
2106 25599
2107 24043
2108 25623
2109 23887
2110 25184
2111 26939
2112 24003
2113 24806
2114 24110
2115 22994
2116 23786
2117 22125
2118 28202
2119 21590
2120 23944
2121 27485
2122 26132
2123 28683
2124 27079
2125 24422
2126 25245
2127 24074
2128 27426
2129 28229
2130 25528
2131 27700
2132 27454
2133 30120
2134 26800
2135 30671
2136 32634
2137 32816
2138 30809
2139 32128
2140 33420
2141 32879
2142 33395
2143 35459
2144 31197
2145 32976
2146 34487
2147 30281
2148 35186
2149 33483
2150 34756
2151 35070
2152 36482
2153 36972
2154 34984
2155 32032
2156 33929
2157 33132
2158 35320
2159 35961
2160 33815
2161 34643
2162 36369
2163 37724
2164 33602
2165 34172
2166 37581
2167 39544
2168 33376
2169 35339
2170 38550
2171 36114
2172 34724
2173 36578
2174 35576
2175 34991
2176 33511
2177 35303
2178 36043
2179 34664
2180 38582
2181 36986
2182 40775
2183 38363
2184 39040
2185 38106
2186 39152
2187 39533
2188 38886
2189 38662
2190 41829
2191 38707
2192 40684
2193 41043
2194 41624
2195 40794
2196 39672
2197 44823
2198 40792
2199 41727
2200 44032
2201 43742
2202 44787
2203 42731
2204 43827
2205 46453
2206 47258
2207 46568
2208 43913
2209 47396
2210 49772
2211 47251
2212 50217
2213 50755
2214 48728
2215 51121
2216 46912
2217 47242
2218 50603
2219 48662
2220 49502
2221 50387
2222 51819
2223 49308
2224 52101
2225 52600
2226 51391
2227 51294
2228 50380
2229 52753
2230 49285
2231 49891
2232 57569
2233 48335
2234 51908
2235 54052
2236 53230
2237 53309
2238 52098
2239 52823
2240 56837
2241 56961
2242 53723
2243 56883
2244 54044
2245 61165
2246 59378
2247 59961
2248 60201
2249 60138
2250 61694
2251 60512
2252 68753
2253 65461
2254 61279
2255 67233
2256 69254
2257 66726
2258 64482
2259 68197
2260 65723
2261 64189
2262 73518
2263 68765
2264 65993
2265 72964
2266 69598
2267 72207
2268 67943
2269 66768
2270 73874
2271 69860
2272 68478
2273 71213
2274 70720
2275 75111
2276 75560
2277 74692
2278 71088
2279 74894
2280 77568
2281 71904
2282 80891
2283 74248
2284 77467
2285 76032
2286 77179
2287 79809
2288 70816
2289 78138
2290 78050
2291 80890
2292 77667
2293 77227
2294 78753
2295 82338
2296 76400
2297 87872
2298 80413
2299 74607
2300 79103
2301 82161
2302 81189
2303 76000
2304 83781
2305 79094
2306 79352
2307 79137
2308 82529
2309 82593
2310 82875
2311 84240
2312 85313
2313 80889
2314 92285
2315 83606
2316 86246
2317 90467
2318 82297
2319 89689
2320 85449
2321 91113
2322 88596
2323 88306
2324 89087
2325 89733
2326 88637
2327 90089
2328 96920
2329 92068
2330 90415
2331 97689
2332 93681
2333 93989
2334 98266
2335 97802
2336 105523
2337 96101
2338 105123
2339 104596
2340 93322
2341 104857
2342 101096
2343 104163
2344 102280
2345 98493
2346 101563
2347 101135
2348 98874
2349 102689
2350 97004
2351 102330
2352 97380
2353 106547
2354 98133
2355 100275
2356 102441
2357 98238
2358 108931
2359 103724
2360 102473
2361 105143
2362 106824
2363 106518
2364 107525
2365 106220
2366 106050
2367 114462
2368 107012
2369 111987
2370 113867
2371 112238
2372 116666
2373 117227
2374 117242
2375 112423
2376 123107
2377 126952
2378 121375
2379 119063
2380 127266
2381 125966
2382 126565
2383 131218
2384 124367
2385 127308
2386 130249
2387 127695
2388 132584
2389 129645
2390 133346
2391 133099
2392 128966
2393 131050
2394 127138
2395 125514
2396 133376
2397 133234
2398 131167
2399 131759
2400 130399
2401 133695
2402 135760
2403 132583
2404 129500
2405 133820
2406 138321
2407 141499
2408 140215
2409 135935
2410 137863
2411 147932
2412 141720
2413 141198
2414 143420
2415 145268
2416 143102
2417 141804
2418 145641
2419 145005
2420 152188
2421 146812
2422 144946
2423 148169
2424 147046
2425 150625
2426 148007
2427 150211
2428 153019
2429 146073
2430 145927
2431 162425
2432 161373
2433 150619
2434 157515
2435 153688
2436 155627
2437 156420
2438 158122
2439 154140
2440 159753
2441 158060
2442 164154
2443 169839
2444 161989
2445 177982
2446 166463
2447 168468
2448 178327
2449 163834
2450 173034
2451 177661
2452 178265
2453 177882
2454 173671
2455 185468
2456 166624
2457 167858
2458 181741
2459 173285
2460 176127
2461 174800
2462 191257
2463 178317
2464 174225
2465 184359
2466 183230
2467 179545
2468 185722
2469 174991
2470 180482
2471 183446
2472 185307
2473 185400
2474 176311
2475 194159
2476 188047
2477 190276
2478 192151
2479 183509
2480 194441
2481 193536
2482 186454
2483 196990
2484 190735
2485 190569
2486 202314
2487 193992
2488 192412
2489 196476
2490 200997
2491 199147
2492 194472
2493 203958
2494 207905
2495 195606
2496 203306
2497 217995
2498 200935
2499 208411
2500 209180
2501 207879
2502 214375
2503 205828
2504 209637
2505 215185
2506 213435
2507 210715
2508 203749
2509 210506
2510 222603
2511 218125
2512 222462
2513 220038
2514 233875
2515 223816
2516 230268
2517 236374
2518 228252
2519 229209
2520 224781
2521 240754
2522 232451
2523 226300
2524 235691
2525 230022
2526 227885
2527 234055
2528 232571
2529 230025
2530 229676
2531 230842
2532 240946
2533 235182
2534 238114
2535 235709
2536 239973
2537 239627
2538 231545
2539 228346
2540 244118
2541 231664
2542 235322
2543 239357
2544 239661
2545 240987
2546 240703
2547 238827
2548 240376
2549 248486
2550 236392
2551 244926
2552 248555
2553 237203
2554 249244
2555 259619
2556 258786
2557 256883
2558 251435
2559 257991
2560 269495
2561 252462
2562 264147
2563 271860
2564 260116
2565 265189
2566 273384
2567 273432
2568 277834
2569 276067
2570 261979
2571 280785
2572 272900
2573 266990
2574 270978
2575 269493
2576 282288
2577 277523
2578 274433
2579 283995
2580 269887
2581 273671
2582 279417
2583 271216
2584 279905
2585 262129
2586 282143
2587 286361
2588 273992
2589 280266
2590 279814
2591 281231
2592 282743
2593 280036
2594 281347
2595 285347
2596 287041
2597 289177
2598 295879
2599 291989
2600 301388
2601 302443
2602 297779
2603 299509
2604 298249
2605 304019
2606 317636
2607 317762
2608 316707
2609 310989
2610 322401
2611 315536
2612 320174
2613 318940
2614 321759
2615 311804
2616 314056
2617 324857
2618 328526
2619 316577
2620 329140
2621 327045
2622 321754
2623 327018
2624 322297
2625 334830
2626 333002
2627 322156
2628 340853
2629 338585
2630 340243
2631 340095
2632 325363
2633 336020
2634 332783
2635 319228
2636 345453
2637 331248
2638 344412
2639 334599
2640 339721
2641 353288
2642 346320
2643 343652
2644 350228
2645 355781
2646 359727
2647 360169
2648 369602
2649 372544
2650 352265
2651 372212
2652 364041
2653 368540
2654 368603
2655 369211
2656 372302
2657 376041
2658 363990
2659 368267
2660 376203
2661 375167
2662 365415
2663 366560
2664 378201
2665 371942
2666 382638
2667 369517
2668 380684
2669 382911
2670 374229
2671 369951
2672 392848
2673 375426
2674 373321
2675 374878
2676 380592
2677 383567
2678 377113
2679 378666
2680 398895
2681 385133
2682 383902
2683 404331
2684 376105
2685 404859
2686 385800
2687 388859
2688 412860
2689 399043
2690 404440
2691 408705
2692 407878
2693 416749
2694 398395
2695 406438
2696 420666
2697 411227
2698 419141
2699 412583
2700 423635
2701 422228
2702 412720
2703 435992
2704 417662
2705 407193
2706 420778
2707 420964
2708 417606
2709 412052
2710 429942
2711 439725
2712 426623
2713 417197
2714 433753
2715 432562
2716 424638
2717 424364
2718 438322
2719 438151
2720 440019
2721 447285
2722 437666
2723 453705
2724 448834
2725 434245
2726 437015
2727 453724
2728 448549
2729 439417
2730 451585
2731 455409
2732 458611
2733 460377
2734 474674
2735 479891
2736 460027
2737 474511
2738 475658
2739 473913
2740 484798
2741 457217
2742 493361
2743 478230
2744 460313
2745 495557
2746 470974
2747 464076
2748 469069
2749 471143
2750 496513
2751 495626
2752 482739
2753 495204
2754 495929
2755 492118
2756 489132
2757 496094
2758 503370
2759 489516
2760 501028
2761 516682
2762 506734
2763 520854
2764 508108
2765 505386
2766 513028
2767 502730
2768 515877
2769 526082
2770 517062
2771 513056
2772 512259
2773 534420
2774 517311
2775 515258
2776 520955
2777 530680
2778 514893
2779 507362
2780 528493
2781 550266
2782 513789
2783 535043
2784 552065
2785 519778
2786 542238
2787 525388
2788 526644
2789 552511
2790 530237
2791 553129
2792 564773
2793 530363
2794 557566
2795 546949
2796 532311
2797 559097
2798 536171
2799 554252
2800 569688
2801 537030
2802 564582
2803 555644
2804 556029
2805 573484
2806 547580
2807 570558
2808 556063
2809 554526
2810 545512
2811 575281
2812 576175
2813 556052
2814 560087
2815 568662
2816 566595
2817 573981
2818 561301
2819 571995
2820 577406
2821 566857
2822 579566
2823 580734
2824 575045
2825 581668
2826 584595
2827 579168
2828 581617
2829 580764
2830 579865
2831 585112
2832 602512
2833 598628
2834 586229
2835 612001
2836 598643
2837 604748
2838 616063
2839 615727
2840 602556
2841 613655
2842 615316
2843 613691
2844 623510
2845 613989
2846 642464
2847 622661
2848 619490
2849 633316
2850 617441
2851 633938
2852 635340
2853 627150
2854 651837
2855 619801
2856 633720
2857 640809
2858 635189
2859 646049
2860 635110
2861 642812
2862 635234
2863 642411
2864 643824
2865 650306
2866 670845
2867 646321
2868 655057
2869 654231
2870 648879
2871 672760
2872 654816
2873 648344
2874 673874
2875 658211
2876 669208
2877 681074
2878 668408
2879 675215
2880 663916
2881 658463
2882 682958
2883 659886
2884 681801
2885 688756
2886 681178
2887 700719
2888 684842
2889 688774
2890 696782
2891 700754
2892 681209
2893 708798
2894 701243
2895 697973
2896 710400
2897 708099
2898 719147
2899 701981
2900 722673
2901 738945
2902 694480
2903 718866
2904 707009
2905 711799
2906 729088
2907 727159
2908 718934
2909 727092
2910 708039
2911 718806
2912 716692
2913 689030
2914 725796
2915 720096
2916 713108
2917 742825
2918 734743
2919 732084
2920 750913
2921 730094
2922 718875
2923 740877
2924 720588
2925 739634
2926 733701
2927 735792
2928 745859
2929 753254
2930 741974
2931 782526
2932 746526
2933 747561
2934 752561
2935 759611
2936 769437
2937 760494
2938 765268
2939 751366
2940 755235
2941 767038
2942 767097
2943 776606
2944 767626
2945 741106
2946 756880
2947 757331
2948 769813
2949 765210
2950 771270
2951 758255
2952 765536
2953 771596
2954 758907
2955 776979
2956 772535
2957 764971
2958 772470
2959 788110
2960 793464
2961 779057
2962 774677
2963 785375
2964 751619
2965 779618
2966 794042
2967 781132
2968 799803
2969 793490
2970 801563
2971 804570
2972 802355
2973 816598
2974 819528
2975 813177
2976 807197
2977 810575
2978 810097
2979 796482
2980 819944
2981 807098
2982 801631
2983 819373
2984 789335
2985 810377
2986 804601
2987 799464
2988 810266
2989 802427
2990 823725
2991 816843
2992 803090
2993 809546
2994 797121
2995 779786
2996 801252
2997 802729
2998 805138
2999 802362
3000 815817
3001 814202
3002 821703
3003 818583
3004 832859
3005 819317
3006 803472
3007 809251
3008 823637
3009 834545
3010 819261
3011 828064
3012 847706
3013 825878
3014 845965
3015 839026
3016 842361
3017 845081
3018 836103
3019 840718
3020 849115
3021 858077
3022 848398
3023 855194
3024 853029
3025 834119
3026 857625
3027 844019
3028 863339
3029 895432
3030 848952
3031 876639
3032 906220
3033 847512
3034 882294
3035 877335
3036 835083
3037 865634
3038 829793
3039 870953
3040 873566
3041 833667
3042 886157
3043 880186
3044 886540
3045 873472
3046 868290
3047 843292
3048 849876
3049 852497
3050 842683
3051 883387
3052 869962
3053 876719
3054 871520
3055 858956
3056 870042
3057 879709
3058 884775
3059 877401
3060 894517
3061 889296
3062 897048
3063 911148
3064 883038
3065 903887
3066 903559
3067 887977
3068 879053
3069 897112
3070 943651
3071 914735
3072 909579
3073 928886
3074 918968
3075 894081
3076 914666
3077 898657
3078 910678
3079 891204
3080 882237
3081 890401
3082 893495
3083 890423
3084 898935
3085 914053
3086 934464
3087 910906
3088 866653
3089 910448
3090 890057
3091 890173
3092 918604
3093 883205
3094 933825
3095 905893
3096 896240
3097 922864
3098 904967
3099 909711
3100 925457
3101 930093
3102 941251
3103 947732
3104 958411
3105 944278
3106 953118
3107 941768
3108 935447
3109 932743
3110 941981
3111 960822
3112 942544
3113 937163
3114 972728
3115 927162
3116 943154
3117 975426
3118 907888
3119 943083
3120 927418
3121 927804
3122 916128
3123 905623
3124 956857
3125 929754
3126 927461
3127 940893
3128 940692
3129 942939
3130 909829
3131 927375
3132 909715
3133 935021
3134 918509
3135 927094
3136 957588
3137 924489
3138 940140
3139 935535
3140 910531
3141 974983
3142 923423
3143 943455
3144 963941
3145 944009
3146 968221
3147 936356
3148 937049
3149 948964
3150 890659
3151 938155
3152 943390
3153 927098
3154 972434
3155 938838
3156 977241
3157 937123
3158 955278
3159 940324
3160 921901
3161 929414
3162 917744
3163 938115
3164 913302
3165 922491
3166 941069
3167 944541
3168 945338
3169 945909
3170 926433
3171 935078
3172 929837
3173 893928
3174 947442
3175 945767
3176 919126
3177 955511
3178 918452
3179 932457
3180 931030
3181 884466
3182 942238
3183 939369
3184 886165
3185 914879
3186 922509
3187 934209
3188 949806
3189 892957
3190 955296
3191 927432
3192 902415
3193 940762
3194 920806
3195 957452
3196 938536
3197 965417
3198 969725
3199 935638
3200 948793
3201 922270
3202 932176
3203 926846
3204 896253
3205 941013
3206 951429
3207 941470
3208 982744
3209 964667
3210 953929
3211 944581
3212 953798
3213 972510
3214 987523
3215 957837
3216 957888
3217 986210
3218 971611
3219 943360
3220 974726
3221 976675
3222 960416
3223 955937
3224 939149
3225 986657
3226 965547
3227 958484
3228 995639
3229 996640
3230 963874
3231 970515
3232 953174
3233 942839
3234 964906
3235 932051
3236 964604
3237 984589
3238 978297
3239 994996
3240 986922
3241 994184
3242 967976
3243 945713
3244 965740
3245 973617
3246 949023
3247 964122
3248 1000861
3249 971440
3250 990242
3251 966714
3252 977184
3253 968379
3254 957409
3255 975277
3256 979114
3257 958331
3258 975261
3259 980087
3260 976051
3261 956484
3262 976023
3263 972445
3264 958239
3265 950541
3266 944296
3267 959632
3268 958051
3269 976543
3270 942980
3271 961333
3272 982125
3273 926395
3274 947536
3275 939903
3276 908988
3277 951614
3278 927447
3279 963475
3280 994930
3281 924437
3282 996075
3283 971840
3284 951182
3285 932669
3286 926714
3287 930351
3288 945171
3289 933006
3290 934596
3291 977138
3292 963723
3293 944089
3294 941956
3295 899695
3296 923009
3297 949113
3298 921513
3299 964261
3300 962769
3301 929888
3302 947590
3303 941004
3304 916965
3305 937720
3306 927101
3307 955485
3308 936443
3309 957070
3310 978647
3311 957689
3312 927929
3313 955071
3314 976560
3315 914760
3316 942085
3317 949945
3318 936856
3319 933072
3320 928165
3321 942461
3322 960947
3323 964336
3324 961998
3325 964629
3326 983261
3327 913599
3328 908684
3329 940836
3330 913069
3331 960575
3332 950923
3333 915829
3334 976325
3335 924889
3336 901999
3337 946823
3338 952514
3339 913673
3340 960481
3341 985806
3342 952074
3343 955167
3344 946901
3345 943121
3346 965034
3347 912294
3348 942182
3349 982969
3350 944296
3351 966147
3352 967292
3353 949799
3354 991395
3355 945179
3356 948366
3357 967272
3358 905359
3359 942822
3360 929171
3361 926917
3362 952430
3363 935324
3364 980250
3365 975887
3366 957504
3367 931821
3368 957657
3369 927270
3370 895846
3371 947865
3372 949260
3373 971481
3374 926486
3375 935443
3376 977328
3377 907493
3378 914096
3379 931480
3380 923064
3381 936623
3382 909703
3383 940497
3384 933627
3385 905839
3386 911125
3387 899298
3388 886594
3389 930823
3390 868232
3391 917118
3392 939178
3393 883726
3394 932853
3395 937597
3396 943062
3397 923758
3398 909546
3399 923642
3400 911426
3401 909818
3402 892865
3403 931733
3404 922351
3405 918489
3406 955323
3407 953718
3408 917011
3409 920413
3410 920179
3411 926691
3412 913559
3413 898832
3414 944219
3415 928124
3416 884270
3417 934626
3418 888420
3419 875823
3420 899693
3421 830916
3422 897966
3423 911577
3424 845774
3425 911753
3426 884195
3427 880337
3428 892113
3429 843733
3430 894272
3431 885465
3432 853625
3433 910030
3434 895553
3435 927566
3436 913554
3437 918392
3438 941967
3439 874661
3440 936560
3441 923902
3442 897941
3443 940033
3444 893389
3445 944322
3446 928454
3447 912117
3448 937545
3449 916239
3450 902610
3451 910272
3452 910238
3453 917580
3454 890826
3455 896376
3456 864816
3457 886482
3458 900889
3459 843540
3460 875452
3461 880112
3462 848195
3463 824158
3464 837792
3465 879829
3466 860036
3467 860464
3468 861405
3469 877846
3470 845172
3471 847217
3472 857792
3473 851905
3474 885842
3475 868206
3476 885612
3477 961913
3478 900369
3479 947759
3480 937156
3481 899126
3482 920114
3483 902506
3484 933141
3485 951317
3486 926131
3487 922645
3488 926150
3489 910404
3490 889315
3491 861932
3492 918985
3493 883026
3494 859774
3495 873371
3496 860729
3497 830782
3498 806363
3499 829926
3500 844686
3501 795837
3502 801186
3503 808472
3504 799996
3505 786092
3506 782859
3507 816809
3508 819305
3509 823481
3510 827064
3511 827509
3512 843520
3513 803142
3514 810596
3515 830481
3516 851887
3517 850562
3518 865206
3519 903005
3520 906057
3521 868773
3522 885042
3523 890300
3524 896563
3525 858360
3526 889553
3527 892363
3528 883719
3529 885990
3530 845776
3531 900945
3532 845321
3533 826218
3534 878675
3535 818072
3536 809823
3537 835890
3538 800093
3539 829876
3540 794055
3541 747899
3542 817738
3543 774826
3544 768086
3545 772687
3546 772333
3547 801425
3548 772323
3549 789475
3550 827862
3551 804003
3552 802413
3553 777705
3554 815098
3555 803940
3556 787116
3557 835077
3558 843070
3559 829159
3560 857041
3561 854277
3562 861743
3563 876780
3564 856463
3565 887791
3566 853334
3567 835353
3568 856392
3569 863643
3570 846649
3571 824553
3572 846251
3573 822382
3574 822404
3575 813958
3576 786942
3577 801412
3578 817489
3579 755448
3580 795038
3581 786592
3582 733473
3583 778431
3584 744031
3585 737653
3586 771939
3587 673304
3588 774771
3589 786121
3590 726291
3591 799560
3592 750247
3593 770607
3594 793099
3595 744190
3596 771172
3597 768126
3598 751083
3599 773579
3600 776295
3601 811952
3602 795255
3603 810729
3604 800544
3605 783794
3606 800840
3607 746545
3608 804623
3609 806690
3610 744051
3611 784723
3612 776335
3613 766121
3614 766933
3615 720433
3616 760265
3617 717082
3618 703746
3619 727718
3620 713712
3621 704018
3622 718586
3623 701539
3624 696388
3625 660906
3626 662519
3627 675143
3628 651953
3629 672138
3630 654229
3631 671670
3632 697013
3633 665851
3634 687447
3635 730168
3636 690027
3637 707667
3638 688395
3639 686796
3640 719764
3641 665389
3642 695252
3643 737819
3644 698273
3645 711634
3646 724533
3647 727242
3648 713288
3649 685810
3650 698727
3651 706206
3652 695184
3653 676719
3654 700153
3655 696891
3656 638708
3657 661495
3658 637377
3659 612847
3660 655107
3661 610646
3662 634709
3663 657047
3664 596628
3665 637425
3666 607353
3667 591330
3668 635397
3669 577609
3670 620754
3671 644264
3672 609106
3673 644374
3674 643173
3675 634076
3676 644853
3677 655646
3678 670220
3679 665285
3680 694985
3681 688946
3682 665647
3683 684429
3684 667085
3685 698513
3686 692910
3687 687671
3688 685766
3689 700438
3690 689016
3691 664963
3692 678752
3693 669764
3694 665614
3695 657996
3696 617062
3697 635067
3698 637587
3699 592478
3700 612247
3701 591610
3702 607323
3703 576449
3704 566099
3705 605753
3706 583793
3707 595552
3708 556653
3709 564062
3710 574238
3711 562865
3712 594822
3713 583557
3714 598698
3715 602106
3716 586908
3717 632643
3718 595121
3719 626026
3720 645323
3721 611256
3722 646509
3723 654325
3724 642572
3725 666347
3726 626970
3727 615400
3728 653454
3729 622603
3730 612574
3731 617905
3732 608190
3733 596363
3734 572592
3735 556437
3736 570288
3737 547487
3738 518490
3739 541809
3740 503489
3741 503072
3742 472905
3743 456530
3744 494650
3745 453448
3746 481099
3747 472446
3748 468252
3749 469895
3750 443580
3751 459847
3752 457693
3753 456539
3754 488317
3755 467013
3756 510274
3757 493502
3758 481722
3759 516214
3760 475514
3761 491236
3762 515265
3763 508415
3764 535060
3765 493955
3766 507796
3767 518172
3768 477075
3769 492181
3770 471634
3771 500177
3772 472743
3773 454670
3774 485241
3775 441379
3776 433644
3777 444879
3778 427382
3779 418417
3780 415407
3781 395403
3782 411329
3783 393127
3784 380967
3785 382517
3786 395445
3787 386359
3788 384170
3789 382763
3790 388723
3791 392470
3792 362050
3793 390162
3794 392790
3795 403529
3796 410928
3797 415291
3798 467105
3799 411542
3800 422364
3801 446260
3802 428526
3803 463297
3804 428034
3805 443202
3806 471268
3807 428493
3808 465837
3809 434329
3810 443741
3811 440849
3812 413165
3813 442735
3814 400802
3815 416947
3816 405421
3817 385320
3818 410671
3819 360370
3820 372115
3821 359255
3822 335951
3823 355168
3824 333452
3825 323261
3826 328693
3827 307320
3828 331641
3829 328382
3830 308752
3831 333231
3832 331477
3833 309028
3834 329595
3835 320274
3836 333962
3837 354810
3838 321273
3839 352377
3840 375122
3841 352823
3842 357189
3843 363364
3844 348030
3845 362098
3846 349476
3847 348856
3848 363774
3849 365762
3850 353345
3851 336036
3852 337480
3853 327506
3854 316721
3855 305544
3856 298084
3857 296408
3858 291405
3859 279653
3860 277756
3861 261379
3862 257765
3863 249428
3864 222883
3865 245494
3866 229325
3867 233734
3868 242698
3869 216292
3870 239727
3871 236330
3872 217699
3873 237060
3874 241124
3875 249569
3876 254470
3877 248432
3878 256988
3879 256464
3880 259390
3881 247914
3882 263473
3883 289931
3884 267425
3885 258804
3886 265468
3887 268686
3888 280073
3889 263298
3890 249909
3891 275019
3892 261073
3893 239941
3894 252601
3895 230752
3896 230892
3897 233171
3898 206769
3899 234586
3900 220740
3901 202417
3902 215488
3903 176150
3904 202518
3905 185257
3906 181845
3907 203180
3908 181423
3909 190468
3910 201098
3911 187156
3912 195408
3913 191939
3914 198067
3915 198330
3916 192041
3917 212333
3918 206441
3919 214364
3920 201393
3921 210059
3922 225659
3923 198596
3924 211640
3925 225857
3926 207144
3927 215169
3928 193039
3929 197076
3930 223141
3931 196393
3932 199821
3933 208006
3934 176347
3935 180060
3936 160018
3937 145821
3938 169086
3939 150548
3940 150311
3941 146854
3942 133048
3943 134556
3944 127228
3945 116635
3946 126405
3947 113084
3948 121340
3949 122724
3950 113592
3951 116022
3952 118411
3953 115022
3954 108221
3955 115760
3956 126821
3957 115972
3958 126824
3959 120813
3960 119382
3961 136964
3962 105607
3963 132135
3964 136048
3965 115301
3966 133825
3967 112830
3968 118611
3969 124595
3970 93621
3971 110356
3972 104255
3973 101463
3974 99708
3975 83857
3976 88867
3977 77147
3978 72396
3979 80658
3980 71373
3981 69950
3982 71506
3983 65114
3984 65024
3985 56843
3986 64746
3987 66096
3988 59345
3989 61321
3990 67035
3991 69681
3992 74620
3993 63627
3994 70431
3995 75713
3996 69076
3997 81987
3998 84193
3999 73301
4000 90856
4001 76510
4002 82954
4003 96263
4004 77390
4005 92702
4006 79638
4007 76195
4008 88212
4009 75659
4010 75223
4011 78196
4012 73826
4013 74921
4014 70168
4015 73004
4016 68904
4017 65927
4018 53601
4019 62062
4020 64235
4021 58910
4022 55660
4023 51720
4024 51282
4025 56033
4026 56281
4027 51399
4028 54519
4029 53181
4030 50489
4031 58020
4032 49888
4033 55319
4034 59960
4035 57310
4036 61257
4037 59704
4038 60807
4039 65320
4040 53920
4041 54731
4042 64762
4043 61877
4044 56571
4045 62484
4046 59722
4047 58185
4048 57283
4049 50533
4050 57548
4051 50267
4052 41128
4053 46995
4054 43141
4055 46503
4056 36806
4057 35420
4058 32668
4059 30097
4060 32669
4061 31062
4062 31291
4063 28929
4064 19803
4065 27285
4066 20377
4067 23980
4068 24723
4069 22025
4070 24841
4071 18807
4072 22424
4073 26134
4074 20411
4075 20288
4076 22238
4077 26344
4078 24344
4079 21827
4080 22944
4081 25264
4082 25024
4083 19108
4084 19297
4085 22546
4086 20155
4087 21198
4088 20211
4089 18376
4090 18026
4091 14436
4092 12348
4093 17778
4094 14940
4095 14556
4096 12429
4097 10789
4098 10650
4099 9951
4100 6776
4101 9025
4102 7076
4103 6947
4104 7671
4105 3564
4106 6803
4107 6474
4108 4806
4109 5917
4110 5168
4111 6718
4112 5293
4113 4311
4114 6598
4115 8567
4116 8821
4117 6825
4118 7747
4119 10311
4120 8437
4121 11926
4122 7789
4123 9496
4124 14411
4125 6646
4126 11694
4127 10043
4128 11900
4129 15659
4130 9647
4131 12740
4132 13323
4133 6326
4134 9747
4135 7620
4136 8457
4137 6797
4138 2644
4139 3656
4140 3767
4141 4405
4142 3580
4143 2104
4144 2213
4145 1538
4146 2508
4147 1324
4148 4852
4149 4238
4150 3560
4151 5844
4152 3803
4153 6655
4154 4428
4155 4215
4156 5051
4157 4823
4158 7851
4159 4498
4160 5616
4161 6034
4162 5925
4163 10321
4164 8048
4165 7518
4166 8381
4167 4566
4168 7462
4169 5038
4170 5127
4171 3764
4172 1787
4173 3418
4174 3531
4175 1593
4176 1221
4177 863
4178 1700
4179 1180
4180 1336
4181 585
4182 2886
4183 1636
4184 826
4185 2479
4186 0
4187 2391
4188 1769
4189 1093
4190 2713
4191 406
4192 1536
4193 2094
4194 739
4195 2830
4196 203
4197 2711
4198 2073
4199 417
4200 2443
4201 621
4202 1908
4203 685
4204 191
4205 2025
4206 969
4207 0
4208 0
4209 0
4210 1191
4211 650
4212 0
4213 0
4214 215
4215 0
4216 508
4217 0
4218 0
4219 207
4220 0
4221 396
4222 0
4223 0
4224 0
4225 0
4226 213
4227 98
4228 0
4229 0
4230 0
4231 392
4232 200
4233 0
4234 0
4235 0
4236 299
4237 112
4238 0
4239 0
4240 0
4241 0
4242 0
4243 0
4244 0
4245 0
4246 0
4247 0
4248 0
4249 0
4250 0
4251 0
4252 0
4253 0
4254 0
4255 0
4256 0
4257 0
4258 0
4259 0
4260 0
4261 0
4262 0
4263 0
4264 0
4265 0
4266 0
4267 0
4268 0
4269 0
4270 0
4271 0
4272 0
4273 0
4274 0
4275 0
4276 0
4277 0
4278 0
4279 0
4280 0
4281 0
4282 0
4283 0
4284 0
4285 0
4286 0
4287 0
4288 0
4289 0
4290 0
4291 0
4292 0
4293 0
4294 0
4295 0
4296 0
4297 0
4298 0
4299 0
4300 0
4301 0
4302 0
4303 0
4304 0
4305 0
4306 0
4307 0
4308 0
4309 0
4310 0
4311 0
4312 0
4313 0
4314 0
4315 0
4316 0
4317 0
4318 0
4319 0
4320 0
4321 0
4322 0
4323 0
4324 0
4325 0
4326 0
4327 0
4328 0
4329 0
4330 0
4331 0
4332 0
4333 0
4334 0
4335 0
4336 0
4337 0
4338 0
4339 0
4340 0
4341 0
4342 0
4343 0
4344 0
4345 0
4346 0
4347 0
4348 0
4349 0
4350 0
4351 0
4352 0
4353 0
4354 0
4355 0
4356 0
4357 0
4358 0
4359 0
4360 0
4361 0
4362 0
4363 0
4364 0
4365 0
4366 0
4367 0
4368 0
4369 0
4370 0
4371 0
4372 0
4373 0
4374 0
4375 0
4376 0
4377 0
4378 0
4379 0
4380 0
4381 0
4382 0
4383 0
4384 0
4385 0
4386 0
4387 0
4388 0
4389 0
4390 0
4391 0
4392 0
4393 0
4394 0
4395 0
4396 0
4397 0
4398 0
4399 0
4400 0
4401 0
4402 0
4403 0
4404 0
4405 0
4406 0
4407 0
4408 0
4409 0
4410 0
4411 0
4412 0
4413 0
4414 0
4415 0
4416 0
4417 0
4418 0
4419 0
4420 0
4421 0
4422 0
4423 0
4424 0
4425 0
4426 0
4427 0
4428 0
4429 0
4430 0
4431 0
4432 0
4433 0
4434 0
4435 0
4436 0
4437 0
4438 0
4439 0
4440 0
4441 0
4442 0
4443 0
4444 0
4445 0
4446 0
4447 0
4448 0
4449 0
4450 0
4451 0
4452 0
4453 0
4454 0
4455 0
4456 0
4457 0
4458 0
4459 0
4460 0
4461 0
4462 0
4463 0
4464 0
4465 0
4466 0
4467 0
4468 0
4469 0
4470 0
4471 0
4472 0
4473 0
4474 0
4475 0
4476 0
4477 0
4478 0
4479 0
4480 0
4481 0
4482 0
4483 0
4484 0
4485 0
4486 0
4487 0
4488 0
4489 0
4490 0
4491 0
4492 0
4493 0
4494 0
4495 0
4496 0
4497 0
4498 0
4499 0
4500 0
4501 0
4502 0
4503 0
4504 0
4505 0
4506 0
4507 0
4508 0
4509 0
4510 0
4511 0
4512 0
4513 0
4514 0
4515 0
4516 0
4517 0
4518 0
4519 0
4520 0
4521 0
4522 0
4523 0
4524 0
4525 0
4526 0
4527 0
4528 0
4529 0
4530 0
4531 0
4532 0
4533 0
4534 0
4535 0
4536 0
4537 0
4538 0
4539 0
4540 0
4541 0
4542 0
4543 0
4544 0
4545 0
4546 0
4547 0
4548 0
4549 0
4550 0
4551 0
4552 0
4553 0
4554 0
4555 0
4556 0
4557 0
4558 0
4559 0
4560 0
4561 0
4562 0
4563 0
4564 0
4565 0
4566 0
4567 0
4568 0
4569 0
4570 0
4571 0
4572 0
4573 0
4574 0
4575 0
4576 0
4577 0
4578 0
4579 0
4580 0
4581 0
4582 0
4583 0
4584 0
4585 0
4586 0
4587 0
4588 0
4589 0
4590 0
4591 0
4592 0
4593 0
4594 0
4595 0
4596 0
4597 0
4598 0
4599 0
4600 0
4601 0
4602 0
4603 0
4604 0
4605 0
4606 0
4607 0
4608 0
4609 0
4610 0
4611 0
4612 0
4613 0
4614 0
4615 0
4616 0
4617 0
4618 0
4619 0
4620 0
4621 0
4622 0
4623 0
4624 0
4625 0
4626 0
4627 0
4628 0
4629 0
4630 0
4631 0
4632 0
4633 0
4634 0
4635 0
4636 0
4637 0
4638 0
4639 0
4640 0
4641 0
4642 0
4643 0
4644 0
4645 0
4646 0
4647 0
4648 0
4649 0
4650 0
4651 0
4652 0
4653 0
4654 0
4655 0
4656 0
4657 0
4658 0
4659 0
4660 0
4661 0
4662 0
4663 0
4664 0
4665 0
4666 0
4667 0
4668 0
4669 0
4670 0
4671 0
4672 0
4673 0
4674 0
4675 0
4676 0
4677 0
4678 0
4679 0
4680 0
4681 0
4682 0
4683 0
4684 0
4685 0
4686 0
4687 0
4688 0
4689 0
4690 0
4691 0
4692 0
4693 0
4694 0
4695 0
4696 0
4697 0
4698 0
4699 0
4700 0
4701 0
4702 0
4703 0
4704 0
4705 0
4706 0
4707 0
4708 0
4709 0
4710 0
4711 0
4712 0
4713 0
4714 0
4715 0
4716 0
4717 0
4718 0
4719 0
4720 0
4721 0
4722 0
4723 0
4724 0
4725 0
4726 0
4727 0
4728 0
4729 0
4730 0
4731 0
4732 0
4733 0
4734 0
4735 0
4736 0
4737 0
4738 0
4739 0
4740 0
4741 0
4742 0
4743 0
4744 0
4745 0
4746 0
4747 0
4748 0
4749 0
4750 0
4751 0
4752 0
4753 0
4754 0
4755 0
4756 0
4757 0
4758 0
4759 0
4760 0
4761 0
4762 0
4763 0
4764 0
4765 0
4766 0
4767 0
4768 0
4769 0
4770 0
4771 0
4772 0
4773 0
4774 0
4775 0
4776 0
4777 0
4778 0
4779 0
4780 0
4781 0
4782 0
4783 0
4784 0
4785 0
4786 0
4787 0
4788 0
4789 0
4790 0
4791 0
4792 0
4793 0
4794 0
4795 0
4796 0
4797 0
4798 0
4799 0
4800 0
4801 0
4802 0
4803 0
4804 0
4805 0
4806 0
4807 0
4808 0
4809 0
4810 0
4811 0
4812 0
4813 0
4814 0
4815 0
4816 0
4817 0
4818 0
4819 0
4820 0
4821 0
4822 0
4823 0
4824 0
4825 0
4826 0
4827 0
4828 0
4829 0
4830 0
4831 0
4832 0
4833 0
4834 0
4835 0
4836 0
4837 0
4838 0
4839 0
4840 0
4841 0
4842 0
4843 0
4844 0
4845 0
4846 0
4847 0
4848 0
4849 0
4850 0
4851 0
4852 0
4853 0
4854 0
4855 0
4856 0
4857 0
4858 0
4859 0
4860 0
4861 0
4862 0
4863 0
4864 0
4865 0
4866 0
4867 0
4868 0
4869 0
4870 0
4871 0
4872 0
4873 0
4874 0
4875 0
4876 0
4877 0
4878 0
4879 0
4880 0
4881 0
4882 0
4883 0
4884 0
4885 0
4886 0
4887 0
4888 0
4889 0
4890 0
4891 0
4892 0
4893 0
4894 0
4895 0
4896 0
4897 0
4898 0
4899 0
4900 0
4901 0
4902 0
4903 0
4904 0
4905 0
4906 0
4907 0
4908 0
4909 0
4910 0
4911 0
4912 0
4913 0
4914 0
4915 0
4916 0
4917 0
4918 0
4919 0
4920 0
4921 0
4922 0
4923 0
4924 0
4925 0
4926 0
4927 0
4928 0
4929 0
4930 0
4931 0
4932 0
4933 0
4934 0
4935 0
4936 0
4937 0
4938 0
4939 0
4940 0
4941 0
4942 0
4943 0
4944 0
4945 0
4946 0
4947 0
4948 0
4949 0
4950 0
4951 0
4952 0
4953 0
4954 0
4955 0
4956 0
4957 0
4958 0
4959 0
4960 0
4961 0
4962 0
4963 0
4964 0
4965 0
4966 0
4967 0
4968 0
4969 0
4970 0
4971 0
4972 0
4973 0
4974 0
4975 0
4976 0
4977 0
4978 0
4979 0
4980 0
4981 0
4982 0
4983 0
4984 0
4985 0
4986 0
4987 0
4988 0
4989 0
4990 0
4991 0
4992 0
4993 0
4994 0
4995 0
4996 0
4997 0
4998 0
4999 0
5000 0
5001 0
5002 0
5003 0
5004 0
5005 0
5006 0
5007 0
5008 0
5009 0
5010 0
5011 0
5012 0
5013 0
5014 0
5015 0
5016 0
5017 0
5018 0
5019 0
5020 0
5021 0
5022 0
5023 0
5024 0
5025 0
5026 0
5027 0
5028 0
5029 0
5030 0
5031 0
5032 0
5033 0
5034 0
5035 0
5036 0
5037 0
5038 0
5039 0
5040 0
5041 0
5042 0
5043 0
5044 0
5045 0
5046 0
5047 0
5048 0
5049 0
5050 0
5051 0
5052 0
5053 0
5054 0
5055 0
5056 0
5057 0
5058 0
5059 0
5060 0
5061 0
5062 0
5063 0
5064 0
5065 0
5066 0
5067 0
5068 0
5069 0
5070 0
5071 0
5072 0
5073 0
5074 0
5075 0
5076 0
5077 0
5078 0
5079 0
5080 0
5081 0
5082 0
5083 0
5084 0
5085 0
5086 0
5087 0
5088 0
5089 0
5090 0
5091 0
5092 0
5093 0
5094 0
5095 0
5096 0
5097 0
5098 0
5099 0
5100 0
5101 0
5102 0
5103 0
5104 0
5105 0
5106 0
5107 0
5108 0
5109 0
5110 0
5111 0
5112 0
5113 0
5114 0
5115 0
5116 0
5117 0
5118 0
5119 0
5120 0
5121 0
5122 0
5123 0
5124 0
5125 0
5126 0
5127 0
5128 0
5129 0
5130 0
5131 0
5132 0
5133 0
5134 0
5135 0
5136 0
5137 0
5138 0
5139 0
5140 0
5141 0
5142 0
5143 0
5144 0
5145 0
5146 0
5147 0
5148 0
5149 0
5150 0
5151 0
5152 0
5153 0
5154 0
5155 0
5156 0
5157 0
5158 0
5159 0
5160 0
5161 0
5162 0
5163 0
5164 0
5165 0
5166 0
5167 0
5168 0
5169 0
5170 0
5171 0
5172 0
5173 0
5174 0
5175 0
5176 0
5177 0
5178 0
5179 0
5180 0
5181 0
5182 0
5183 0
5184 0
5185 0
5186 0
5187 0
5188 0
5189 0
5190 0
5191 0
5192 0
5193 0
5194 0
5195 0
5196 0
5197 0
5198 0
5199 0
5200 0
5201 0
5202 0
5203 0
5204 0
5205 0
5206 0
5207 0
5208 0
5209 0
5210 0
5211 0
5212 0
5213 0
5214 0
5215 0
5216 0
5217 0
5218 0
5219 0
5220 0
5221 0
5222 0
5223 0
5224 0
5225 0
5226 0
5227 0
5228 0
5229 0
5230 0
5231 0
5232 0
5233 0
5234 0
5235 0
5236 0
5237 0
5238 0
5239 0
5240 0
5241 0
5242 0
5243 0
5244 0
5245 0
5246 0
5247 0
5248 0
5249 0
5250 0
5251 0
5252 0
5253 0
5254 0
5255 0
5256 0
5257 0
5258 0
5259 0
5260 0
5261 0
5262 0
5263 0
5264 0
5265 0
5266 0
5267 0
5268 0
5269 0
5270 0
5271 0
5272 0
5273 0
5274 0
5275 0
5276 0
5277 0
5278 0
5279 0
5280 0
5281 0
5282 0
5283 0
5284 0
5285 0
5286 0
5287 0
5288 0
5289 0
5290 0
5291 0
5292 0
5293 0
5294 0
5295 0
5296 0
5297 0
5298 0
5299 0
5300 0
5301 0
5302 0
5303 0
5304 0
5305 0
5306 0
5307 0
5308 0
5309 0
5310 0
5311 0
5312 0
5313 0
5314 0
5315 0
5316 0
5317 0
5318 0
5319 0
5320 0
5321 0
5322 0
5323 0
5324 0
5325 0
5326 0
5327 0
5328 0
5329 0
5330 0
5331 0
5332 0
5333 0
5334 0
5335 0
5336 0
5337 0
5338 0
5339 0
5340 0
5341 0
5342 0
5343 0
5344 0
5345 0
5346 0
5347 0
5348 0
5349 0
5350 0
5351 0
5352 0
5353 0
5354 0
5355 0
5356 0
5357 0
5358 0
5359 0
5360 0
5361 0
5362 0
5363 0
5364 0
5365 0
5366 0
5367 0
5368 0
5369 0
5370 0
5371 0
5372 0
5373 0
5374 0
5375 0
5376 0
5377 0
5378 0
5379 0
5380 0
5381 0
5382 0
5383 0
5384 0
5385 0
5386 0
5387 0
5388 0
5389 0
5390 0
5391 0
5392 0
5393 0
5394 0
5395 0
5396 0
5397 0
5398 0
5399 0
5400 0
5401 0
5402 0
5403 0
5404 0
5405 0
5406 0
5407 0
5408 0
5409 0
5410 0
5411 0
5412 0
5413 0
5414 0
5415 0
5416 0
5417 0
5418 0
5419 0
5420 0
5421 0
5422 0
5423 0
5424 0
5425 0
5426 0
5427 0
5428 0
5429 0
5430 0
5431 0
5432 0
5433 0
5434 0
5435 0
5436 0
5437 0
5438 0
5439 0
5440 0
5441 0
5442 0
5443 0
5444 0
5445 0
5446 0
5447 0
5448 0
5449 0
5450 0
5451 0
5452 0
5453 0
5454 0
5455 0
5456 0
5457 0
5458 0
5459 0
5460 0
5461 0
5462 0
5463 0
5464 0
5465 0
5466 0
5467 0
5468 0
5469 0
5470 0
5471 0
5472 0
5473 0
5474 0
5475 0
5476 0
5477 0
5478 0
5479 0
5480 0
5481 0
5482 0
5483 0
5484 0
5485 0
5486 0
5487 0
5488 0
5489 0
5490 0
5491 0
5492 0
5493 0
5494 0
5495 0
5496 0
5497 0
5498 0
5499 0
5500 0
5501 0
5502 0
5503 0
5504 0
5505 0
5506 0
5507 0
5508 0
5509 0
5510 0
5511 0
5512 0
5513 0
5514 0
5515 0
5516 0
5517 0
5518 0
5519 0
5520 0
5521 0
5522 0
5523 0
5524 0
5525 0
5526 0
5527 0
5528 0
5529 0
5530 0
5531 0
5532 0
5533 0
5534 0
5535 0
5536 0
5537 0
5538 0
5539 0
5540 0
5541 0
5542 0
5543 0
5544 0
5545 0
5546 0
5547 0
5548 0
5549 0
5550 0
5551 0
5552 0
5553 0
5554 0
5555 0
5556 0
5557 0
5558 0
5559 0
5560 0
5561 0
5562 0
5563 0
5564 0
5565 0
5566 0
5567 0
5568 0
5569 0
5570 0
5571 0
5572 0
5573 0
5574 0
5575 0
5576 0
5577 0
5578 0
5579 0
5580 0
5581 0
5582 0
5583 0
5584 0
5585 0
5586 0
5587 0
5588 0
5589 0
5590 0
5591 0
5592 0
5593 0
5594 0
5595 0
5596 0
5597 0
5598 0
5599 0
5600 0
5601 0
5602 0
5603 0
5604 0
5605 0
5606 0
5607 0
5608 0
5609 0
5610 0
5611 0
5612 0
5613 0
5614 0
5615 0
5616 0
5617 0
5618 0
5619 0
5620 0
5621 0
5622 0
5623 0
5624 0
5625 0
5626 0
5627 0
5628 0
5629 0
5630 0
5631 0
5632 0
5633 0
5634 0
5635 0
5636 0
5637 0
5638 0
5639 0
5640 0
5641 0
5642 0
5643 0
5644 0
5645 0
5646 0
5647 0
5648 0
5649 0
5650 0
5651 0
5652 0
5653 0
5654 0
5655 0
5656 0
5657 0
5658 0
5659 0
5660 0
5661 0
5662 0
5663 0
5664 0
5665 0
5666 0
5667 0
5668 0
5669 0
5670 0
5671 0
5672 0
5673 0
5674 0
5675 0
5676 0
5677 0
5678 0
5679 0
5680 0
5681 0
5682 0
5683 0
5684 0
5685 0
5686 0
5687 0
5688 0
5689 0
5690 0
5691 0
5692 0
5693 0
5694 0
5695 0
5696 0
5697 0
5698 0
5699 0
5700 0
5701 0
5702 0
5703 0
5704 0
5705 0
5706 0
5707 0
5708 0
5709 0
5710 0
5711 0
5712 0
5713 0
5714 0
5715 0
5716 0
5717 0
5718 0
5719 0
5720 0
5721 0
5722 0
5723 0
5724 0
5725 0
5726 0
5727 0
5728 0
5729 0
5730 0
5731 0
5732 0
5733 0
5734 0
5735 0
5736 0
5737 0
5738 0
5739 0
5740 0
5741 0
5742 0
5743 0
5744 0
5745 0
5746 0
5747 0
5748 0
5749 0
5750 0
5751 0
5752 0
5753 0
5754 0
5755 0
5756 0
5757 0
5758 0
5759 0
5760 0
5761 0
5762 0
5763 0
5764 0
5765 0
5766 0
5767 0
5768 0
5769 0
5770 0
5771 0
5772 0
5773 0
5774 0
5775 0
5776 0
5777 0
5778 0
5779 0
5780 0
5781 0
5782 0
5783 0
5784 0
5785 0
5786 0
5787 0
5788 0
5789 0
5790 0
5791 0
5792 0
5793 0
5794 0
5795 0
5796 0
5797 0
5798 0
5799 0
5800 0
5801 0
5802 0
5803 0
5804 0
5805 0
5806 0
5807 0
5808 0
5809 0
5810 0
5811 0
5812 0
5813 0
5814 0
5815 0
5816 0
5817 0
5818 0
5819 0
5820 0
5821 0
5822 0
5823 0
5824 0
5825 0
5826 0
5827 0
5828 0
5829 0
5830 0
5831 0
5832 0
5833 0
5834 0
5835 0
5836 0
5837 0
5838 0
5839 0
5840 0
5841 0
5842 0
5843 0
5844 0
5845 0
5846 0
5847 0
5848 0
5849 0
5850 0
5851 0
5852 0
5853 0
5854 0
5855 0
5856 0
5857 0
5858 0
5859 0
5860 0
5861 0
5862 0
5863 0
5864 0
5865 0
5866 0
5867 0
5868 0
5869 0
5870 0
5871 0
5872 0
5873 0
5874 0
5875 0
5876 0
5877 0
5878 0
5879 0
5880 0
5881 0
5882 0
5883 0
5884 0
5885 0
5886 0
5887 0
5888 0
5889 0
5890 0
5891 0
5892 0
5893 0
5894 0
5895 0
5896 0
5897 0
5898 0
5899 0
5900 0
5901 0
5902 0
5903 0
5904 0
5905 0
5906 0
5907 0
5908 0
5909 0
5910 0
5911 0
5912 0
5913 0
5914 0
5915 0
5916 0
5917 0
5918 0
5919 0
5920 0
5921 0
5922 0
5923 0
5924 0
5925 0
5926 0
5927 0
5928 0
5929 0
5930 0
5931 0
5932 0
5933 0
5934 0
5935 0
5936 0
5937 0
5938 0
5939 0
5940 0
5941 0
5942 0
5943 0
5944 0
5945 0
5946 0
5947 0
5948 0
5949 0
5950 0
5951 0
5952 0
5953 0
5954 0
5955 0
5956 0
5957 0
5958 0
5959 0
5960 0
5961 0
5962 0
5963 0
5964 0
5965 0
5966 0
5967 0
5968 0
5969 0
5970 0
5971 0
5972 0
5973 0
5974 0
5975 0
5976 0
5977 0
5978 0
5979 0
5980 0
5981 0
5982 0
5983 0
5984 0
5985 0
5986 0
5987 0
5988 0
5989 0
5990 0
5991 0
5992 0
5993 0
5994 0
5995 0
5996 0
5997 0
5998 0
5999 0
