0 0
1 0
2 0
3 0
4 0
5 0
6 0
7 0
8 0
9 0
10 0
11 0
12 0
13 0
14 0
15 0
16 0
17 0
18 0
19 0
20 0
21 0
22 0
23 0
24 0
25 0
26 0
27 0
28 0
29 0
30 0
31 0
32 0
33 0
34 0
35 0
36 0
37 0
38 0
39 0
40 0
41 0
42 0
43 0
44 0
45 0
46 0
47 0
48 0
49 0
50 0
51 0
52 0
53 0
54 0
55 0
56 0
57 0
58 0
59 0
60 0
61 0
62 0
63 0
64 0
65 0
66 0
67 0
68 0
69 0
70 0
71 0
72 0
73 0
74 0
75 0
76 0
77 0
78 0
79 0
80 0
81 0
82 0
83 0
84 0
85 0
86 0
87 0
88 0
89 0
90 0
91 0
92 0
93 0
94 0
95 0
96 0
97 0
98 0
99 0
100 0
101 0
102 0
103 0
104 0
105 0
106 0
107 0
108 0
109 0
110 0
111 0
112 0
113 0
114 0
115 0
116 0
117 0
118 0
119 0
120 0
121 0
122 0
123 0
124 0
125 0
126 0
127 0
128 0
129 0
130 0
131 0
132 0
133 0
134 0
135 0
136 0
137 0
138 0
139 0
140 0
141 0
142 0
143 0
144 0
145 0
146 0
147 0
148 0
149 0
150 0
151 0
152 0
153 0
154 0
155 0
156 0
157 0
158 0
159 0
160 0
161 0
162 0
163 0
164 0
165 0
166 0
167 0
168 0
169 0
170 0
171 0
172 0
173 0
174 0
175 0
176 0
177 0
178 0
179 0
180 0
181 0
182 0
183 0
184 0
185 0
186 0
187 0
188 0
189 0
190 0
191 0
192 0
193 0
194 0
195 0
196 0
197 0
198 0
199 0
200 0
201 0
202 0
203 0
204 0
205 0
206 0
207 0
208 0
209 0
210 0
211 0
212 0
213 0
214 0
215 0
216 0
217 0
218 0
219 0
220 0
221 0
222 0
223 0
224 0
225 0
226 0
227 0
228 0
229 0
230 0
231 0
232 0
233 0
234 0
235 0
236 0
237 0
238 0
239 0
240 0
241 0
242 0
243 0
244 0
245 0
246 0
247 0
248 0
249 0
250 0
251 0
252 0
253 0
254 0
255 0
256 0
257 0
258 0
259 0
260 0
261 0
262 0
263 0
264 0
265 0
266 0
267 0
268 0
269 0
270 0
271 0
272 0
273 0
274 0
275 0
276 0
277 0
278 0
279 0
280 0
281 0
282 0
283 0
284 0
285 0
286 0
287 0
288 0
289 0
290 0
291 0
292 0
293 0
294 0
295 0
296 0
297 0
298 0
299 0
300 0
301 0
302 0
303 0
304 0
305 0
306 0
307 0
308 0
309 0
310 0
311 0
312 0
313 0
314 0
315 0
316 0
317 0
318 0
319 0
320 0
321 0
322 0
323 0
324 0
325 0
326 0
327 0
328 0
329 0
330 0
331 0
332 0
333 0
334 0
335 0
336 0
337 0
338 0
339 0
340 0
341 0
342 0
343 0
344 0
345 0
346 0
347 0
348 0
349 0
350 0
351 0
352 0
353 0
354 0
355 0
356 0
357 0
358 0
359 0
360 0
361 0
362 0
363 0
364 0
365 0
366 0
367 0
368 0
369 0
370 0
371 0
372 0
373 0
374 0
375 0
376 0
377 0
378 0
379 0
380 0
381 0
382 0
383 0
384 0
385 0
386 0
387 0
388 0
389 0
390 0
391 0
392 0
393 0
394 0
395 0
396 0
397 0
398 0
399 0
400 0
401 0
402 0
403 0
404 0
405 0
406 0
407 0
408 0
409 0
410 0
411 0
412 0
413 0
414 0
415 0
416 0
417 0
418 0
419 0
420 0
421 0
422 0
423 0
424 0
425 0
426 0
427 0
428 0
429 0
430 0
431 0
432 0
433 0
434 0
435 0
436 0
437 0
438 0
439 0
440 0
441 0
442 0
443 0
444 0
445 0
446 0
447 0
448 0
449 0
450 0
451 0
452 0
453 0
454 0
455 0
456 0
457 0
458 0
459 0
460 0
461 0
462 0
463 0
464 0
465 0
466 0
467 0
468 0
469 0
470 0
471 0
472 0
473 0
474 0
475 0
476 0
477 0
478 0
479 0
480 0
481 0
482 0
483 0
484 0
485 0
486 0
487 0
488 0
489 0
490 0
491 0
492 0
493 0
494 0
495 0
496 0
497 0
498 0
499 0
500 0
501 0
502 0
503 0
504 0
505 0
506 0
507 0
508 0
509 0
510 0
511 0
512 0
513 0
514 0
515 0
516 0
517 0
518 0
519 0
520 0
521 0
522 0
523 0
524 0
525 0
526 0
527 0
528 0
529 0
530 0
531 0
532 0
533 0
534 0
535 0
536 0
537 0
538 0
539 0
540 0
541 0
542 0
543 0
544 0
545 0
546 0
547 0
548 0
549 0
550 0
551 0
552 0
553 0
554 0
555 0
556 0
557 0
558 0
559 0
560 0
561 0
562 0
563 0
564 0
565 0
566 0
567 0
568 0
569 0
570 0
571 0
572 0
573 0
574 0
575 0
576 0
577 0
578 0
579 0
580 0
581 0
582 0
583 0
584 0
585 0
586 0
587 0
588 0
589 0
590 0
591 0
592 0
593 0
594 0
595 0
596 0
597 0
598 0
599 0
600 0
601 0
602 0
603 0
604 0
605 0
606 0
607 0
608 0
609 0
610 0
611 0
612 0
613 0
614 0
615 0
616 0
617 0
618 0
619 0
620 0
621 0
622 0
623 0
624 0
625 0
626 0
627 0
628 0
629 0
630 0
631 0
632 0
633 0
634 0
635 0
636 0
637 0
638 0
639 0
640 0
641 0
642 0
643 0
644 0
645 0
646 0
647 0
648 0
649 0
650 0
651 0
652 0
653 0
654 0
655 0
656 0
657 0
658 0
659 0
660 0
661 0
662 0
663 0
664 0
665 0
666 0
667 0
668 0
669 0
670 0
671 0
672 0
673 0
674 0
675 0
676 0
677 0
678 0
679 0
680 0
681 0
682 0
683 0
684 0
685 0
686 0
687 0
688 0
689 0
690 0
691 0
692 0
693 0
694 0
695 0
696 0
697 0
698 0
699 0
700 0
701 0
702 0
703 0
704 0
705 0
706 0
707 0
708 0
709 0
710 0
711 0
712 0
713 0
714 0
715 0
716 0
717 0
718 0
719 0
720 0
721 0
722 0
723 0
724 0
725 0
726 0
727 0
728 0
729 0
730 0
731 0
732 0
733 0
734 0
735 0
736 0
737 0
738 0
739 0
740 0
741 0
742 0
743 0
744 0
745 0
746 0
747 0
748 0
749 0
750 0
751 0
752 0
753 0
754 0
755 0
756 0
757 0
758 0
759 0
760 0
761 0
762 0
763 0
764 0
765 0
766 0
767 0
768 0
769 0
770 0
771 0
772 0
773 0
774 0
775 0
776 0
777 0
778 0
779 0
780 0
781 0
782 0
783 0
784 0
785 0
786 0
787 0
788 0
789 0
790 0
791 0
792 0
793 0
794 0
795 0
796 0
797 0
798 0
799 0
800 0
801 0
802 0
803 0
804 0
805 0
806 0
807 0
808 0
809 0
810 0
811 0
812 0
813 0
814 0
815 0
816 0
817 0
818 0
819 0
820 0
821 0
822 0
823 0
824 0
825 0
826 0
827 0
828 0
829 0
830 0
831 0
832 0
833 0
834 0
835 0
836 0
837 0
838 0
839 0
840 0
841 0
842 0
843 0
844 0
845 0
846 0
847 0
848 0
849 0
850 0
851 0
852 0
853 0
854 0
855 0
856 0
857 0
858 0
859 0
860 0
861 0
862 0
863 0
864 0
865 0
866 0
867 0
868 0
869 0
870 0
871 0
872 0
873 0
874 0
875 0
876 0
877 0
878 0
879 0
880 0
881 0
882 0
883 0
884 0
885 0
886 0
887 0
888 0
889 0
890 0
891 0
892 0
893 0
894 0
895 0
896 0
897 0
898 0
899 0
900 0
901 0
902 0
903 0
904 0
905 0
906 0
907 0
908 0
909 0
910 0
911 0
912 0
913 0
914 0
915 0
916 0
917 0
918 0
919 0
920 0
921 0
922 0
923 0
924 0
925 0
926 0
927 0
928 0
929 0
930 0
931 0
932 0
933 0
934 0
935 0
936 0
937 0
938 0
939 0
940 0
941 0
942 0
943 0
944 0
945 0
946 0
947 0
948 0
949 0
950 0
951 0
952 0
953 0
954 0
955 0
956 0
957 0
958 0
959 0
960 0
961 0
962 0
963 0
964 0
965 0
966 0
967 0
968 0
969 0
970 0
971 0
972 0
973 0
974 0
975 0
976 0
977 0
978 0
979 0
980 0
981 0
982 0
983 0
984 0
985 0
986 0
987 0
988 0
989 0
990 0
991 0
992 0
993 0
994 0
995 0
996 0
997 0
998 0
999 0
1000 0
1001 0
1002 0
1003 0
1004 0
1005 0
1006 0
1007 0
1008 0
1009 0
1010 0
1011 0
1012 0
1013 0
1014 0
1015 0
1016 0
1017 0
1018 0
1019 0
1020 0
1021 0
1022 0
1023 0
1024 0
1025 0
1026 0
1027 0
1028 0
1029 0
1030 0
1031 0
1032 0
1033 0
1034 0
1035 0
1036 0
1037 0
1038 0
1039 0
1040 0
1041 0
1042 0
1043 0
1044 0
1045 0
1046 0
1047 0
1048 0
1049 0
1050 0
1051 0
1052 0
1053 0
1054 0
1055 0
1056 0
1057 0
1058 0
1059 0
1060 0
1061 0
1062 0
1063 0
1064 0
1065 0
1066 0
1067 0
1068 0
1069 0
1070 0
1071 0
1072 0
1073 0
1074 0
1075 0
1076 0
1077 0
1078 0
1079 0
1080 0
1081 0
1082 0
1083 0
1084 0
1085 0
1086 0
1087 0
1088 0
1089 0
1090 0
1091 0
1092 0
1093 0
1094 0
1095 0
1096 0
1097 0
1098 0
1099 0
1100 0
1101 0
1102 0
1103 0
1104 0
1105 0
1106 0
1107 0
1108 0
1109 0
1110 0
1111 0
1112 0
1113 0
1114 0
1115 0
1116 0
1117 0
1118 0
1119 0
1120 0
1121 0
1122 0
1123 0
1124 0
1125 0
1126 0
1127 0
1128 0
1129 0
1130 0
1131 0
1132 0
1133 0
1134 0
1135 0
1136 0
1137 0
1138 0
1139 0
1140 0
1141 0
1142 0
1143 0
1144 0
1145 0
1146 0
1147 0
1148 0
1149 0
1150 0
1151 0
1152 0
1153 0
1154 0
1155 0
1156 0
1157 0
1158 0
1159 0
1160 0
1161 0
1162 0
1163 0
1164 0
1165 0
1166 0
1167 0
1168 0
1169 0
1170 0
1171 0
1172 0
1173 0
1174 0
1175 0
1176 0
1177 0
1178 0
1179 0
1180 0
1181 0
1182 0
1183 0
1184 0
1185 0
1186 0
1187 0
1188 0
1189 0
1190 0
1191 0
1192 0
1193 0
1194 0
1195 0
1196 0
1197 0
1198 0
1199 0
1200 0
1201 0
1202 0
1203 0
1204 0
1205 0
1206 0
1207 0
1208 0
1209 0
1210 0
1211 0
1212 0
1213 0
1214 0
1215 0
1216 0
1217 0
1218 0
1219 0
1220 0
1221 0
1222 0
1223 0
1224 0
1225 0
1226 0
1227 0
1228 0
1229 0
1230 0
1231 0
1232 0
1233 0
1234 0
1235 0
1236 0
1237 0
1238 0
1239 0
1240 0
1241 0
1242 0
1243 0
1244 0
1245 0
1246 0
1247 0
1248 0
1249 0
1250 0
1251 0
1252 0
1253 0
1254 0
1255 0
1256 0
1257 0
1258 0
1259 0
1260 0
1261 0
1262 0
1263 0
1264 0
1265 0
1266 0
1267 0
1268 0
1269 0
1270 0
1271 0
1272 0
1273 0
1274 0
1275 0
1276 0
1277 0
1278 0
1279 0
1280 0
1281 0
1282 0
1283 0
1284 0
1285 0
1286 0
1287 0
1288 0
1289 0
1290 0
1291 0
1292 0
1293 0
1294 0
1295 0
1296 0
1297 0
1298 0
1299 0
1300 0
1301 0
1302 0
1303 0
1304 0
1305 0
1306 0
1307 0
1308 0
1309 0
1310 0
1311 0
1312 0
1313 0
1314 0
1315 0
1316 0
1317 0
1318 0
1319 0
1320 0
1321 0
1322 0
1323 0
1324 0
1325 0
1326 0
1327 0
1328 0
1329 0
1330 0
1331 0
1332 0
1333 0
1334 0
1335 0
1336 0
1337 0
1338 0
1339 0
1340 0
1341 0
1342 0
1343 0
1344 0
1345 0
1346 0
1347 0
1348 0
1349 0
1350 0
1351 0
1352 0
1353 0
1354 0
1355 0
1356 0
1357 0
1358 0
1359 0
1360 0
1361 0
1362 0
1363 0
1364 0
1365 0
1366 0
1367 0
1368 0
1369 0
1370 0
1371 0
1372 0
1373 0
1374 0
1375 0
1376 0
1377 0
1378 0
1379 0
1380 0
1381 0
1382 0
1383 0
1384 0
1385 0
1386 0
1387 0
1388 0
1389 0
1390 0
1391 0
1392 0
1393 0
1394 0
1395 0
1396 0
1397 0
1398 0
1399 0
1400 0
1401 0
1402 0
1403 0
1404 0
1405 0
1406 0
1407 0
1408 0
1409 0
1410 0
1411 0
1412 0
1413 0
1414 0
1415 0
1416 0
1417 0
1418 0
1419 0
1420 0
1421 0
1422 0
1423 0
1424 0
1425 0
1426 0
1427 0
1428 0
1429 0
1430 0
1431 0
1432 0
1433 0
1434 0
1435 0
1436 0
1437 0
1438 0
1439 0
1440 0
1441 0
1442 0
1443 0
1444 0
1445 0
1446 0
1447 0
1448 0
1449 0
1450 0
1451 0
1452 0
1453 0
1454 0
1455 0
1456 0
1457 0
1458 0
1459 0
1460 0
1461 0
1462 0
1463 0
1464 0
1465 0
1466 0
1467 0
1468 0
1469 0
1470 0
1471 0
1472 0
1473 0
1474 0
1475 0
1476 0
1477 0
1478 0
1479 0
1480 0
1481 0
1482 0
1483 0
1484 0
1485 0
1486 0
1487 0
1488 0
1489 0
1490 0
1491 0
1492 0
1493 0
1494 0
1495 0
1496 0
1497 0
1498 0
1499 0
1500 0
1501 0
1502 0
1503 0
1504 0
1505 0
1506 0
1507 0
1508 0
1509 0
1510 0
1511 0
1512 0
1513 0
1514 0
1515 0
1516 0
1517 0
1518 0
1519 0
1520 0
1521 0
1522 0
1523 0
1524 0
1525 0
1526 0
1527 0
1528 0
1529 0
1530 0
1531 0
1532 0
1533 0
1534 0
1535 0
1536 0
1537 0
1538 0
1539 0
1540 0
1541 0
1542 0
1543 0
1544 0
1545 0
1546 0
1547 0
1548 0
1549 0
1550 0
1551 0
1552 0
1553 0
1554 0
1555 0
1556 0
1557 0
1558 0
1559 0
1560 0
1561 0
1562 0
1563 0
1564 0
1565 0
1566 0
1567 0
1568 0
1569 0
1570 0
1571 0
1572 2
1573 0
1574 2
1575 0
1576 0
1577 0
1578 0
1579 0
1580 0
1581 0
1582 0
1583 0
1584 0
1585 0
1586 0
1587 0
1588 0
1589 0
1590 0
1591 0
1592 2
1593 0
1594 2
1595 0
1596 0
1597 0
1598 0
1599 0
1600 0
1601 0
1602 2
1603 0
1604 2
1605 0
1606 0
1607 0
1608 0
1609 0
1610 0
1611 2
1612 0
1613 0
1614 0
1615 0
1616 2
1617 0
1618 0
1619 2
1620 0
1621 0
1622 2
1623 0
1624 2
1625 2
1626 2
1627 2
1628 2
1629 0
1630 0
1631 2
1632 0
1633 4
1634 2
1635 2
1636 2
1637 0
1638 6
1639 0
1640 2
1641 4
1642 0
1643 0
1644 0
1645 0
1646 6
1647 0
1648 2
1649 2
1650 2
1651 0
1652 0
1653 0
1654 2
1655 6
1656 2
1657 8
1658 8
1659 0
1660 0
1661 4
1662 2
1663 4
1664 4
1665 2
1666 2
1667 0
1668 6
1669 0
1670 4
1671 2
1672 2
1673 2
1674 0
1675 2
1676 4
1677 0
1678 2
1679 0
1680 2
1681 0
1682 2
1683 4
1684 2
1685 10
1686 0
1687 8
1688 8
1689 2
1690 0
1691 2
1692 4
1693 2
1694 6
1695 8
1696 6
1697 10
1698 0
1699 0
1700 12
1701 6
1702 6
1703 6
1704 4
1705 6
1706 4
1707 4
1708 2
1709 4
1710 2
1711 4
1712 6
1713 8
1714 4
1715 6
1716 12
1717 2
1718 4
1719 10
1720 4
1721 2
1722 2
1723 4
1724 10
1725 8
1726 12
1727 16
1728 4
1729 2
1730 10
1731 10
1732 10
1733 4
1734 10
1735 8
1736 6
1737 6
1738 4
1739 12
1740 18
1741 10
1742 16
1743 12
1744 12
1745 12
1746 22
1747 10
1748 16
1749 18
1750 12
1751 14
1752 12
1753 8
1754 18
1755 10
1756 16
1757 12
1758 16
1759 14
1760 12
1761 24
1762 20
1763 8
1764 14
1765 18
1766 8
1767 20
1768 16
1769 30
1770 28
1771 32
1772 14
1773 14
1774 20
1775 20
1776 22
1777 20
1778 14
1779 24
1780 10
1781 26
1782 14
1783 22
1784 24
1785 22
1786 20
1787 24
1788 26
1789 26
1790 20
1791 30
1792 22
1793 20
1794 26
1795 34
1796 24
1797 28
1798 22
1799 28
1800 30
1801 36
1802 14
1803 16
1804 22
1805 28
1806 38
1807 28
1808 30
1809 34
1810 28
1811 18
1812 22
1813 40
1814 52
1815 28
1816 30
1817 34
1818 42
1819 24
1820 44
1821 22
1822 46
1823 48
1824 34
1825 46
1826 90
1827 38
1828 50
1829 58
1830 40
1831 68
1832 48
1833 60
1834 46
1835 64
1836 80
1837 58
1838 72
1839 52
1840 62
1841 46
1842 46
1843 68
1844 60
1845 44
1846 54
1847 36
1848 46
1849 46
1850 52
1851 48
1852 54
1853 80
1854 54
1855 66
1856 122
1857 76
1858 76
1859 102
1860 70
1861 116
1862 74
1863 82
1864 76
1865 84
1866 94
1867 68
1868 102
1869 58
1870 90
1871 104
1872 98
1873 76
1874 104
1875 104
1876 76
1877 80
1878 80
1879 70
1880 78
1881 96
1882 96
1883 102
1884 92
1885 90
1886 84
1887 104
1888 110
1889 88
1890 120
1891 100
1892 122
1893 106
1894 110
1895 176
1896 126
1897 118
1898 154
1899 118
1900 150
1901 128
1902 150
1903 124
1904 146
1905 150
1906 96
1907 138
1908 122
1909 98
1910 136
1911 120
1912 134
1913 160
1914 126
1915 166
1916 142
1917 140
1918 164
1919 130
1920 144
1921 140
1922 180
1923 160
1924 130
1925 238
1926 170
1927 210
1928 180
1929 188
1930 208
1931 184
1932 178
1933 180
1934 210
1935 198
1936 204
1937 250
1938 184
1939 156
1940 214
1941 216
1942 224
1943 206
1944 256
1945 206
1946 272
1947 252
1948 228
1949 258
1950 208
1951 200
1952 224
1953 222
1954 252
1955 216
1956 214
1957 310
1958 234
1959 234
1960 302
1961 270
1962 230
1963 258
1964 282
1965 282
1966 290
1967 318
1968 270
1969 266
1970 320
1971 304
1972 334
1973 314
1974 354
1975 322
1976 358
1977 304
1978 324
1979 344
1980 324
1981 354
1982 306
1983 334
1984 370
1985 330
1986 316
1987 340
1988 376
1989 344
1990 346
1991 362
1992 342
1993 334
1994 304
1995 330
1996 316
1997 358
1998 292
1999 324
2000 368
2001 352
2002 382
2003 344
2004 368
2005 430
2006 418
2007 390
2008 434
2009 432
2010 422
2011 480
2012 418
2013 422
2014 476
2015 496
2016 450
2017 444
2018 460
2019 514
2020 450
2021 436
2022 520
2023 426
2024 452
2025 476
2026 500
2027 560
2028 488
2029 502
2030 562
2031 466
2032 568
2033 456
2034 498
2035 542
2036 568
2037 558
2038 514
2039 570
2040 514
2041 572
2042 582
2043 550
2044 580
2045 574
2046 590
2047 606
2048 492
2049 636
2050 640
2051 504
2052 634
2053 598
2054 610
2055 630
2056 580
2057 698
2058 618
2059 618
2060 640
2061 638
2062 660
2063 652
2064 592
2065 662
2066 638
2067 726
2068 636
2069 610
2070 722
2071 776
2072 710
2073 710
2074 796
2075 720
2076 760
2077 766
2078 702
2079 736
2080 792
2081 794
2082 674
2083 772
2084 794
2085 746
2086 682
2087 734
2088 862
2089 760
2090 750
2091 1016
2092 846
2093 872
2094 932
2095 910
2096 938
2097 926
2098 1012
2099 874
2100 930
2101 1080
2102 948
2103 902
2104 1020
2105 972
2106 1018
2107 956
2108 1028
2109 950
2110 1002
2111 1078
2112 960
2113 982
2114 966
2115 928
2116 958
2117 884
2118 1130
2119 872
2120 954
2121 1096
2122 1050
2123 1146
2124 1078
2125 974
2126 1004
2127 968
2128 1102
2129 1122
2130 1018
2131 1104
2132 1100
2133 1200
2134 1070
2135 1234
2136 1314
2137 1312
2138 1224
2139 1288
2140 1332
2141 1320
2142 1346
2143 1406
2144 1232
2145 1318
2146 1366
2147 1202
2148 1396
2149 1326
2150 1382
2151 1410
2152 1454
2153 1474
2154 1392
2155 1290
2156 1346
2157 1330
2158 1404
2159 1428
2160 1358
2161 1392
2162 1446
2163 1498
2164 1338
2165 1382
2166 1494
2167 1578
2168 1330
2169 1414
2170 1540
2171 1440
2172 1394
2173 1466
2174 1408
2175 1396
2176 1348
2177 1406
2178 1450
2179 1384
2180 1530
2181 1480
2182 1632
2183 1536
2184 1554
2185 1514
2186 1558
2187 1574
2188 1550
2189 1538
2190 1660
2191 1536
2192 1604
2193 1644
2194 1652
2195 1634
2196 1574
2197 1784
2198 1628
2199 1646
2200 1756
2201 1752
2202 1794
2203 1718
2204 1746
2205 1858
2206 1894
2207 1860
2208 1764
2209 1870
2210 1978
2211 1888
2212 2012
2213 2026
2214 1942
2215 2032
2216 1866
2217 1880
2218 2018
2219 1934
2220 1962
2221 2004
2222 2078
2223 1968
2224 2080
2225 2092
2226 2068
2227 2050
2228 2008
2229 2096
2230 1960
2231 1986
2232 2306
2233 1924
2234 2066
2235 2164
2236 2136
2237 2144
2238 2066
2239 2112
2240 2268
2241 2262
2242 2134
2243 2262
2244 2150
2245 2442
2246 2364
2247 2384
2248 2392
2249 2390
2250 2470
2251 2402
2252 2732
2253 2608
2254 2458
2255 2678
2256 2760
2257 2666
2258 2584
2259 2714
2260 2624
2261 2572
2262 2942
2263 2732
2264 2616
2265 2920
2266 2782
2267 2888
2268 2730
2269 2658
2270 2958
2271 2790
2272 2746
2273 2840
2274 2824
2275 2990
2276 3018
2277 2996
2278 2844
2279 2980
2280 3128
2281 2860
2282 3232
2283 2960
2284 3094
2285 3046
2286 3076
2287 3190
2288 2832
2289 3114
2290 3102
2291 3236
2292 3084
2293 3068
2294 3144
2295 3286
2296 3042
2297 3504
2298 3202
2299 2970
2300 3170
2301 3290
2302 3232
2303 3028
2304 3340
2305 3142
2306 3168
2307 3156
2308 3286
2309 3298
2310 3304
2311 3366
2312 3394
2313 3208
2314 3690
2315 3344
2316 3442
2317 3614
2318 3298
2319 3586
2320 3404
2321 3650
2322 3534
2323 3520
2324 3544
2325 3574
2326 3526
2327 3618
2328 3874
2329 3678
2330 3610
2331 3888
2332 3742
2333 3758
2334 3922
2335 3912
2336 4206
2337 3832
2338 4196
2339 4174
2340 3714
2341 4170
2342 4048
2343 4144
2344 4058
2345 3924
2346 4062
2347 4026
2348 3956
2349 4100
2350 3876
2351 4082
2352 3902
2353 4244
2354 3928
2355 4018
2356 4114
2357 3924
2358 4358
2359 4158
2360 4110
2361 4226
2362 4266
2363 4248
2364 4304
2365 4218
2366 4256
2367 4550
2368 4248
2369 4468
2370 4540
2371 4490
2372 4636
2373 4656
2374 4688
2375 4514
2376 4894
2377 5084
2378 4872
2379 4756
2380 5096
2381 5030
2382 5052
2383 5232
2384 4952
2385 5072
2386 5226
2387 5078
2388 5306
2389 5184
2390 5314
2391 5312
2392 5154
2393 5230
2394 5078
2395 5004
2396 5338
2397 5332
2398 5256
2399 5252
2400 5228
2401 5350
2402 5418
2403 5288
2404 5182
2405 5332
2406 5538
2407 5628
2408 5592
2409 5428
2410 5492
2411 5916
2412 5646
2413 5608
2414 5706
2415 5770
2416 5734
2417 5666
2418 5828
2419 5772
2420 6062
2421 5876
2422 5804
2423 5910
2424 5882
2425 6016
2426 5892
2427 5994
2428 6094
2429 5840
2430 5800
2431 6480
2432 6454
2433 6000
2434 6252
2435 6138
2436 6216
2437 6230
2438 6304
2439 6148
2440 6376
2441 6322
2442 6552
2443 6768
2444 6470
2445 7122
2446 6666
2447 6734
2448 7108
2449 6568
2450 6918
2451 7054
2452 7100
2453 7108
2454 6890
2455 7404
2456 6662
2457 6724
2458 7276
2459 6916
2460 7044
2461 7016
2462 7654
2463 7116
2464 6964
2465 7354
2466 7314
2467 7158
2468 7450
2469 6996
2470 7216
2471 7294
2472 7390
2473 7416
2474 7034
2475 7762
2476 7502
2477 7600
2478 7652
2479 7334
2480 7766
2481 7722
2482 7442
2483 7872
2484 7598
2485 7646
2486 8074
2487 7732
2488 7672
2489 7850
2490 8052
2491 7942
2492 7802
2493 8164
2494 8268
2495 7804
2496 8122
2497 8708
2498 8042
2499 8342
2500 8356
2501 8294
2502 8550
2503 8224
2504 8348
2505 8602
2506 8516
2507 8430
2508 8136
2509 8420
2510 8866
2511 8694
2512 8910
2513 8774
2514 9316
2515 8926
2516 9188
2517 9462
2518 9074
2519 9130
2520 8976
2521 9614
2522 9268
2523 9060
2524 9386
2525 9162
2526 9066
2527 9354
2528 9288
2529 9210
2530 9178
2531 9220
2532 9630
2533 9406
2534 9468
2535 9430
2536 9556
2537 9590
2538 9230
2539 9104
2540 9764
2541 9264
2542 9414
2543 9536
2544 9582
2545 9644
2546 9602
2547 9536
2548 9600
2549 9920
2550 9456
2551 9790
2552 9956
2553 9472
2554 9946
2555 10338
2556 10300
2557 10290
2558 10002
2559 10300
2560 10756
2561 10096
2562 10534
2563 10840
2564 10396
2565 10602
2566 10922
2567 10906
2568 11084
2569 11016
2570 10444
2571 11222
2572 10882
2573 10658
2574 10830
2575 10752
2576 11230
2577 11026
2578 10962
2579 11364
2580 10790
2581 10920
2582 11170
2583 10806
2584 11178
2585 10472
2586 11262
2587 11442
2588 10932
2589 11178
2590 11146
2591 11228
2592 11290
2593 11172
2594 11200
2595 11370
2596 11452
2597 11536
2598 11808
2599 11636
2600 12002
2601 12078
2602 11886
2603 11934
2604 11898
2605 12090
2606 12644
2607 12660
2608 12622
2609 12416
2610 12884
2611 12566
2612 12782
2613 12730
2614 12852
2615 12452
2616 12554
2617 12970
2618 13140
2619 12650
2620 13164
2621 13046
2622 12854
2623 13048
2624 12878
2625 13362
2626 13284
2627 12842
2628 13590
2629 13478
2630 13564
2631 13548
2632 13010
2633 13430
2634 13282
2635 12764
2636 13760
2637 13212
2638 13742
2639 13330
2640 13562
2641 14072
2642 13828
2643 13708
2644 13954
2645 14190
2646 14368
2647 14372
2648 14680
2649 14844
2650 14042
2651 14828
2652 14566
2653 14700
2654 14754
2655 14734
2656 14860
2657 14986
2658 14570
2659 14752
2660 15040
2661 14970
2662 14570
2663 14610
2664 15110
2665 14798
2666 15268
2667 14708
2668 15194
2669 15300
2670 14950
2671 14788
2672 15682
2673 14992
2674 14884
2675 15002
2676 15210
2677 15346
2678 15046
2679 15108
2680 15958
2681 15346
2682 15280
2683 16126
2684 14988
2685 16192
2686 15384
2687 15492
2688 16454
2689 15942
2690 16148
2691 16294
2692 16298
2693 16612
2694 15936
2695 16234
2696 16808
2697 16392
2698 16760
2699 16444
2700 16900
2701 16834
2702 16476
2703 17394
2704 16682
2705 16268
2706 16790
2707 16782
2708 16692
2709 16438
2710 17168
2711 17574
2712 16986
2713 16650
2714 17398
2715 17212
2716 16948
2717 16936
2718 17514
2719 17522
2720 17576
2721 17828
2722 17464
2723 18092
2724 17902
2725 17296
2726 17490
2727 18148
2728 17908
2729 17540
2730 18082
2731 18174
2732 18288
2733 18360
2734 18968
2735 19130
2736 18378
2737 18928
2738 19042
2739 18884
2740 19326
2741 18182
2742 19766
2743 19090
2744 18376
2745 19820
2746 18798
2747 18494
2748 18766
2749 18806
2750 19804
2751 19790
2752 19282
2753 19770
2754 19832
2755 19630
2756 19492
2757 19784
2758 20082
2759 19540
2760 19996
2761 20668
2762 20260
2763 20788
2764 20278
2765 20134
2766 20496
2767 20086
2768 20580
2769 21050
2770 20628
2771 20460
2772 20462
2773 21302
2774 20662
2775 20608
2776 20822
2777 21156
2778 20570
2779 20284
2780 21098
2781 21970
2782 20500
2783 21346
2784 22092
2785 20798
2786 21634
2787 20990
2788 20996
2789 22112
2790 21112
2791 22082
2792 22512
2793 21152
2794 22280
2795 21802
2796 21270
2797 22302
2798 21368
2799 22118
2800 22784
2801 21424
2802 22574
2803 22212
2804 22222
2805 22878
2806 21854
2807 22794
2808 22206
2809 22160
2810 21704
2811 22942
2812 22984
2813 22172
2814 22342
2815 22658
2816 22606
2817 22920
2818 22380
2819 22854
2820 22998
2821 22642
2822 23154
2823 23184
2824 22958
2825 23234
2826 23324
2827 23138
2828 23238
2829 23166
2830 23150
2831 23356
2832 24032
2833 23878
2834 23432
2835 24442
2836 23934
2837 24154
2838 24516
2839 24560
2840 24072
2841 24544
2842 24554
2843 24502
2844 24852
2845 24558
2846 25612
2847 24856
2848 24706
2849 25284
2850 24674
2851 25344
2852 25330
2853 24976
2854 26010
2855 24746
2856 25274
2857 25580
2858 25406
2859 25720
2860 25288
2861 25642
2862 25298
2863 25660
2864 25716
2865 25908
2866 26816
2867 25760
2868 26114
2869 26136
2870 25872
2871 26858
2872 26150
2873 25856
2874 26872
2875 26318
2876 26698
2877 27186
2878 26670
2879 26996
2880 26526
2881 26316
2882 27248
2883 26360
2884 27214
2885 27484
2886 27198
2887 27920
2888 27338
2889 27482
2890 27832
2891 28028
2892 27226
2893 28234
2894 27952
2895 27826
2896 28344
2897 28270
2898 28608
2899 28002
2900 28860
2901 29486
2902 27726
2903 28706
2904 28228
2905 28412
2906 29100
2907 29056
2908 28730
2909 29046
2910 28258
2911 28682
2912 28548
2913 27502
2914 28926
2915 28702
2916 28464
2917 29710
2918 29334
2919 29238
2920 29992
2921 29160
2922 28688
2923 29574
2924 28786
2925 29558
2926 29334
2927 29344
2928 29758
2929 30056
2930 29618
2931 31256
2932 29822
2933 29888
2934 30042
2935 30340
2936 30708
2937 30328
2938 30562
2939 29942
2940 30146
2941 30602
2942 30662
2943 31020
2944 30656
2945 29516
2946 30166
2947 30302
2948 30738
2949 30518
2950 30774
2951 30244
2952 30540
2953 30778
2954 30248
2955 30986
2956 30964
2957 30590
2958 30822
2959 31526
2960 31688
2961 31094
2962 30942
2963 31380
2964 29994
2965 31098
2966 31730
2967 31126
2968 31902
2969 31640
2970 31910
2971 32068
2972 32008
2973 32582
2974 32714
2975 32468
2976 32214
2977 32370
2978 32352
2979 31754
2980 32716
2981 32272
2982 32070
2983 32676
2984 31528
2985 32338
2986 32100
2987 31996
2988 32348
2989 32048
2990 32914
2991 32582
2992 32046
2993 32334
2994 31864
2995 31116
2996 31940
2997 32068
2998 32126
2999 32018
3000 32504
3001 32556
3002 32788
3003 32664
3004 33288
3005 32674
3006 32112
3007 32292
3008 32900
3009 33292
3010 32766
3011 33086
3012 33922
3013 32966
3014 33782
3015 33530
3016 33628
3017 33752
3018 33374
3019 33540
3020 33850
3021 34224
3022 33782
3023 34124
3024 34038
3025 33262
3026 34246
3027 33740
3028 34420
3029 35732
3030 33900
3031 35030
3032 36248
3033 33846
3034 35194
3035 34976
3036 33316
3037 34530
3038 33156
3039 34770
3040 34868
3041 33264
3042 35370
3043 35114
3044 35372
3045 34882
3046 34656
3047 33638
3048 33930
3049 34066
3050 33630
3051 35240
3052 34768
3053 35020
3054 34800
3055 34270
3056 34692
3057 35156
3058 35400
3059 35032
3060 35710
3061 35526
3062 35810
3063 36400
3064 35298
3065 36102
3066 36022
3067 35472
3068 35094
3069 35790
3070 37656
3071 36500
3072 36316
3073 37086
3074 36612
3075 35680
3076 36468
3077 35886
3078 36312
3079 35516
3080 35142
3081 35506
3082 35652
3083 35546
3084 35812
3085 36518
3086 37302
3087 36320
3088 34574
3089 36228
3090 35480
3091 35546
3092 36702
3093 35288
3094 37232
3095 36154
3096 35792
3097 36882
3098 36126
3099 36368
3100 36970
3101 37158
3102 37572
3103 37820
3104 38346
3105 37686
3106 38072
3107 37650
3108 37296
3109 37198
3110 37642
3111 38410
3112 37626
3113 37388
3114 38790
3115 37066
3116 37636
3117 38886
3118 36284
3119 37626
3120 37026
3121 37010
3122 36550
3123 36152
3124 38200
3125 37126
3126 36984
3127 37550
3128 37598
3129 37666
3130 36322
3131 36968
3132 36280
3133 37288
3134 36696
3135 37030
3136 38204
3137 36990
3138 37560
3139 37312
3140 36384
3141 38860
3142 36874
3143 37670
3144 38506
3145 37654
3146 38628
3147 37336
3148 37350
3149 37882
3150 35582
3151 37464
3152 37680
3153 37004
3154 38802
3155 37418
3156 39022
3157 37402
3158 38180
3159 37552
3160 36876
3161 37024
3162 36602
3163 37460
3164 36474
3165 36842
3166 37588
3167 37692
3168 37670
3169 37762
3170 36990
3171 37262
3172 37144
3173 35622
3174 37736
3175 37786
3176 36638
3177 38172
3178 36626
3179 37220
3180 37196
3181 35250
3182 37580
3183 37474
3184 35304
3185 36508
3186 36850
3187 37332
3188 37896
3189 35608
3190 38078
3191 36932
3192 36012
3193 37516
3194 36716
3195 38234
3196 37454
3197 38526
3198 38712
3199 37352
3200 37890
3201 36846
3202 37162
3203 37004
3204 35802
3205 37588
3206 37974
3207 37560
3208 39240
3209 38508
3210 38038
3211 37720
3212 38036
3213 38736
3214 39396
3215 38270
3216 38246
3217 39384
3218 38768
3219 37632
3220 38934
3221 38920
3222 38340
3223 38104
3224 37500
3225 39358
3226 38542
3227 38324
3228 39776
3229 39782
3230 38464
3231 38716
3232 38068
3233 37650
3234 38546
3235 37220
3236 38542
3237 39288
3238 39100
3239 39720
3240 39324
3241 39648
3242 38634
3243 37732
3244 38582
3245 38822
3246 37830
3247 38458
3248 39968
3249 38740
3250 39522
3251 38586
3252 38964
3253 38614
3254 38176
3255 38986
3256 39106
3257 38302
3258 39032
3259 39138
3260 38932
3261 38146
3262 38982
3263 38786
3264 38234
3265 37970
3266 37706
3267 38312
3268 38244
3269 38868
3270 37608
3271 38390
3272 39198
3273 36970
3274 37756
3275 37558
3276 36324
3277 37984
3278 37030
3279 38418
3280 39728
3281 36900
3282 39764
3283 38794
3284 37966
3285 37218
3286 36994
3287 37090
3288 37672
3289 37220
3290 37318
3291 38912
3292 38488
3293 37610
3294 37658
3295 35932
3296 36818
3297 37914
3298 36756
3299 38454
3300 38454
3301 37090
3302 37820
3303 37500
3304 36646
3305 37440
3306 37014
3307 38128
3308 37358
3309 38218
3310 39056
3311 38224
3312 37034
3313 38106
3314 39000
3315 36514
3316 37618
3317 37922
3318 37298
3319 37286
3320 37056
3321 37636
3322 38368
3323 38472
3324 38398
3325 38544
3326 39254
3327 36474
3328 36308
3329 37512
3330 36424
3331 38358
3332 37926
3333 36590
3334 38972
3335 36904
3336 36006
3337 37718
3338 38090
3339 36406
3340 38294
3341 39364
3342 37968
3343 38234
3344 37896
3345 37630
3346 38518
3347 36466
3348 37626
3349 39222
3350 37744
3351 38576
3352 38634
3353 37892
3354 39474
3355 37660
3356 37852
3357 38622
3358 36026
3359 37658
3360 37070
3361 36988
3362 38022
3363 37274
3364 39116
3365 38980
3366 38224
3367 37244
3368 38190
3369 36980
3370 35792
3371 37842
3372 37862
3373 38792
3374 36968
3375 37338
3376 39134
3377 36262
3378 36562
3379 37192
3380 36834
3381 37406
3382 36390
3383 37562
3384 37268
3385 36134
3386 36332
3387 35906
3388 35386
3389 37184
3390 34712
3391 36594
3392 37548
3393 35254
3394 37274
3395 37412
3396 37630
3397 36864
3398 36372
3399 36866
3400 36432
3401 36398
3402 35692
3403 37190
3404 36780
3405 36650
3406 38132
3407 38098
3408 36662
3409 36718
3410 36790
3411 36930
3412 36416
3413 35850
3414 37648
3415 37056
3416 35330
3417 37304
3418 35468
3419 34932
3420 35872
3421 33224
3422 35758
3423 36412
3424 33714
3425 36344
3426 35318
3427 35152
3428 35622
3429 33734
3430 35732
3431 35332
3432 34034
3433 36372
3434 35752
3435 37066
3436 36464
3437 36708
3438 37626
3439 34934
3440 37416
3441 36816
3442 35816
3443 37526
3444 35642
3445 37684
3446 37072
3447 36436
3448 37422
3449 36588
3450 36024
3451 36338
3452 36382
3453 36656
3454 35562
3455 35736
3456 34482
3457 35410
3458 35998
3459 33730
3460 34976
3461 35182
3462 33874
3463 32878
3464 33500
3465 35202
3466 34324
3467 34298
3468 34344
3469 35030
3470 33706
3471 33876
3472 34192
3473 33984
3474 35332
3475 34632
3476 35270
3477 38442
3478 35954
3479 37806
3480 37430
3481 35864
3482 36764
3483 36016
3484 37226
3485 37974
3486 37032
3487 36826
3488 36956
3489 36298
3490 35498
3491 34396
3492 36670
3493 35256
3494 34258
3495 34826
3496 34424
3497 33146
3498 32236
3499 33092
3500 33678
3501 31766
3502 31966
3503 32202
3504 31970
3505 31420
3506 31224
3507 32658
3508 32686
3509 32838
3510 33014
3511 33030
3512 33692
3513 32104
3514 32352
3515 33214
3516 33946
3517 33920
3518 34532
3519 36024
3520 36084
3521 34754
3522 35310
3523 35560
3524 35754
3525 34292
3526 35470
3527 35676
3528 35236
3529 35342
3530 33752
3531 35924
3532 33710
3533 32998
3534 35068
3535 32612
3536 32342
3537 33370
3538 31950
3539 33144
3540 31670
3541 29866
3542 32672
3543 30888
3544 30614
3545 30828
3546 30840
3547 32048
3548 30866
3549 31530
3550 33004
3551 32028
3552 32072
3553 31040
3554 32466
3555 32040
3556 31378
3557 33312
3558 33634
3559 33126
3560 34242
3561 34136
3562 34402
3563 34958
3564 34164
3565 35392
3566 34052
3567 33366
3568 34210
3569 34428
3570 33778
3571 32926
3572 33760
3573 32826
3574 32776
3575 32502
3576 31376
3577 32032
3578 32704
3579 30118
3580 31734
3581 31366
3582 29318
3583 31024
3584 29700
3585 29438
3586 30820
3587 26850
3588 30972
3589 31316
3590 28948
3591 31872
3592 29962
3593 30748
3594 31640
3595 29698
3596 30748
3597 30682
3598 30022
3599 30982
3600 30968
3601 32358
3602 31764
3603 32352
3604 32004
3605 31276
3606 31990
3607 29804
3608 32090
3609 32164
3610 29752
3611 31370
3612 31042
3613 30634
3614 30638
3615 28762
3616 30380
3617 28614
3618 28118
3619 29046
3620 28532
3621 28128
3622 28648
3623 27994
3624 27846
3625 26366
3626 26466
3627 26966
3628 26048
3629 26798
3630 26108
3631 26852
3632 27828
3633 26558
3634 27378
3635 29130
3636 27528
3637 28206
3638 27418
3639 27388
3640 28774
3641 26540
3642 27710
3643 29452
3644 27856
3645 28384
3646 28952
3647 29054
3648 28452
3649 27414
3650 27850
3651 28208
3652 27738
3653 26986
3654 27938
3655 27824
3656 25514
3657 26426
3658 25448
3659 24518
3660 26178
3661 24348
3662 25358
3663 26240
3664 23812
3665 25438
3666 24256
3667 23560
3668 25372
3669 23052
3670 24726
3671 25736
3672 24290
3673 25760
3674 25680
3675 25314
3676 25766
3677 26192
3678 26778
3679 26564
3680 27704
3681 27540
3682 26604
3683 27346
3684 26632
3685 27914
3686 27630
3687 27476
3688 27364
3689 28056
3690 27532
3691 26534
3692 27102
3693 26714
3694 26508
3695 26248
3696 24674
3697 25326
3698 25468
3699 23666
3700 24432
3701 23626
3702 24256
3703 22988
3704 22598
3705 24202
3706 23350
3707 23776
3708 22288
3709 22526
3710 22876
3711 22472
3712 23784
3713 23352
3714 23918
3715 24048
3716 23428
3717 25264
3718 23748
3719 24964
3720 25742
3721 24414
3722 25832
3723 26150
3724 25616
3725 26650
3726 25064
3727 24568
3728 26076
3729 24902
3730 24446
3731 24666
3732 24310
3733 23810
3734 22832
3735 22190
3736 22718
3737 21822
3738 20694
3739 21664
3740 20096
3741 20078
3742 18910
3743 18194
3744 19766
3745 18090
3746 19220
3747 18864
3748 18684
3749 18796
3750 17696
3751 18438
3752 18266
3753 18242
3754 19462
3755 18666
3756 20332
3757 19666
3758 19222
3759 20584
3760 19012
3761 19610
3762 20542
3763 20286
3764 21418
3765 19704
3766 20278
3767 20710
3768 19024
3769 19628
3770 18826
3771 19968
3772 18864
3773 18142
3774 19378
3775 17632
3776 17344
3777 17748
3778 17086
3779 16724
3780 16572
3781 15812
3782 16426
3783 15666
3784 15240
3785 15292
3786 15756
3787 15426
3788 15344
3789 15290
3790 15480
3791 15630
3792 14472
3793 15564
3794 15644
3795 16116
3796 16398
3797 16522
3798 18638
3799 16454
3800 16882
3801 17806
3802 17062
3803 18518
3804 17054
3805 17734
3806 18828
3807 17134
3808 18638
3809 17346
3810 17680
3811 17616
3812 16490
3813 17682
3814 16002
3815 16636
3816 16210
3817 15372
3818 16416
3819 14428
3820 14864
3821 14344
3822 13386
3823 14128
3824 13280
3825 12876
3826 13170
3827 12242
3828 13270
3829 13110
3830 12314
3831 13338
3832 13244
3833 12320
3834 13168
3835 12778
3836 13358
3837 14174
3838 12870
3839 14074
3840 14978
3841 14056
3842 14264
3843 14506
3844 13886
3845 14484
3846 13940
3847 13932
3848 14538
3849 14608
3850 14156
3851 13388
3852 13472
3853 13052
3854 12662
3855 12200
3856 11872
3857 11818
3858 11596
3859 11186
3860 11080
3861 10450
3862 10312
3863 9968
3864 8912
3865 9772
3866 9184
3867 9358
3868 9686
3869 8624
3870 9584
3871 9444
3872 8684
3873 9450
3874 9614
3875 9942
3876 10128
3877 9938
3878 10230
3879 10202
3880 10352
3881 9902
3882 10546
3883 11612
3884 10710
3885 10340
3886 10646
3887 10734
3888 11164
3889 10518
3890 9982
3891 10982
3892 10430
3893 9572
3894 10064
3895 9192
3896 9220
3897 9320
3898 8260
3899 9374
3900 8830
3901 8074
3902 8574
3903 7040
3904 8098
3905 7396
3906 7260
3907 8108
3908 7234
3909 7588
3910 8104
3911 7508
3912 7814
3913 7666
3914 7914
3915 7892
3916 7686
3917 8494
3918 8258
3919 8594
3920 8068
3921 8420
3922 9030
3923 7900
3924 8430
3925 9006
3926 8312
3927 8548
3928 7702
3929 7896
3930 8880
3931 7802
3932 7942
3933 8288
3934 7068
3935 7204
3936 6384
3937 5820
3938 6754
3939 5994
3940 5970
3941 5866
3942 5294
3943 5358
3944 5056
3945 4680
3946 5042
3947 4522
3948 4822
3949 4888
3950 4530
3951 4652
3952 4720
3953 4624
3954 4292
3955 4602
3956 5066
3957 4642
3958 5056
3959 4842
3960 4766
3961 5452
3962 4208
3963 5268
3964 5414
3965 4596
3966 5312
3967 4520
3968 4724
3969 4978
3970 3724
3971 4426
3972 4152
3973 4016
3974 3982
3975 3340
3976 3532
3977 3076
3978 2894
3979 3236
3980 2872
3981 2794
3982 2842
3983 2604
3984 2596
3985 2288
3986 2602
3987 2636
3988 2352
3989 2450
3990 2672
3991 2780
3992 2968
3993 2548
3994 2814
3995 3032
3996 2764
3997 3278
3998 3366
3999 2930
4000 3642
4001 3054
4002 3314
4003 3846
4004 3112
4005 3668
4006 3180
4007 3056
4008 3534
4009 3024
4010 3018
4011 3130
4012 2950
4013 2994
4014 2800
4015 2904
4016 2742
4017 2646
4018 2156
4019 2462
4020 2550
4021 2364
4022 2222
4023 2050
4024 2046
4025 2232
4026 2258
4027 2060
4028 2184
4029 2116
4030 2030
4031 2312
4032 1996
4033 2208
4034 2390
4035 2292
4036 2430
4037 2382
4038 2416
4039 2588
4040 2162
4041 2188
4042 2570
4043 2478
4044 2270
4045 2490
4046 2380
4047 2326
4048 2286
4049 2024
4050 2292
4051 2018
4052 1646
4053 1872
4054 1724
4055 1862
4056 1478
4057 1402
4058 1308
4059 1212
4060 1302
4061 1242
4062 1252
4063 1152
4064 802
4065 1084
4066 808
4067 954
4068 978
4069 880
4070 998
4071 754
4072 900
4073 1050
4074 810
4075 810
4076 892
4077 1054
4078 970
4079 860
4080 902
4081 1008
4082 1004
4083 760
4084 764
4085 898
4086 808
4087 856
4088 800
4089 746
4090 720
4091 572
4092 490
4093 714
4094 600
4095 582
4096 496
4097 430
4098 422
4099 392
4100 268
4101 362
4102 284
4103 276
4104 304
4105 144
4106 268
4107 256
4108 190
4109 234
4110 208
4111 270
4112 216
4113 170
4114 264
4115 344
4116 352
4117 274
4118 314
4119 402
4120 332
4121 476
4122 312
4123 384
4124 576
4125 268
4126 472
4127 396
4128 480
4129 624
4130 392
4131 508
4132 536
4133 248
4134 388
4135 304
4136 332
4137 272
4138 108
4139 144
4140 152
4141 172
4142 140
4143 84
4144 92
4145 60
4146 100
4147 52
4148 196
4149 168
4150 144
4151 232
4152 152
4153 264
4154 180
4155 168
4156 200
4157 196
4158 312
4159 180
4160 224
4161 236
4162 232
4163 416
4164 312
4165 300
4166 336
4167 180
4168 300
4169 200
4170 204
4171 152
4172 72
4173 136
4174 144
4175 64
4176 48
4177 36
4178 68
4179 48
4180 52
4181 24
4182 116
4183 64
4184 32
4185 100
4186 0
4187 96
4188 68
4189 44
4190 108
4191 16
4192 60
4193 84
4194 28
4195 108
4196 8
4197 108
4198 84
4199 16
4200 96
4201 24
4202 76
4203 28
4204 8
4205 80
4206 40
4207 0
4208 0
4209 0
4210 48
4211 24
4212 0
4213 0
4214 8
4215 0
4216 20
4217 0
4218 0
4219 8
4220 0
4221 16
4222 0
4223 0
4224 0
4225 0
4226 8
4227 4
4228 0
4229 0
4230 0
4231 16
4232 8
4233 0
4234 0
4235 0
4236 12
4237 4
4238 0
4239 0
4240 0
4241 0
4242 0
4243 0
4244 0
4245 0
4246 0
4247 0
4248 0
4249 0
4250 0
4251 0
4252 0
4253 0
4254 0
4255 0
4256 0
4257 0
4258 0
4259 0
4260 0
4261 0
4262 0
4263 0
4264 0
4265 0
4266 0
4267 0
4268 0
4269 0
4270 0
4271 0
4272 0
4273 0
4274 0
4275 0
4276 0
4277 0
4278 0
4279 0
4280 0
4281 0
4282 0
4283 0
4284 0
4285 0
4286 0
4287 0
4288 0
4289 0
4290 0
4291 0
4292 0
4293 0
4294 0
4295 0
4296 0
4297 0
4298 0
4299 0
4300 0
4301 0
4302 0
4303 0
4304 0
4305 0
4306 0
4307 0
4308 0
4309 0
4310 0
4311 0
4312 0
4313 0
4314 0
4315 0
4316 0
4317 0
4318 0
4319 0
4320 0
4321 0
4322 0
4323 0
4324 0
4325 0
4326 0
4327 0
4328 0
4329 0
4330 0
4331 0
4332 0
4333 0
4334 0
4335 0
4336 0
4337 0
4338 0
4339 0
4340 0
4341 0
4342 0
4343 0
4344 0
4345 0
4346 0
4347 0
4348 0
4349 0
4350 0
4351 0
4352 0
4353 0
4354 0
4355 0
4356 0
4357 0
4358 0
4359 0
4360 0
4361 0
4362 0
4363 0
4364 0
4365 0
4366 0
4367 0
4368 0
4369 0
4370 0
4371 0
4372 0
4373 0
4374 0
4375 0
4376 0
4377 0
4378 0
4379 0
4380 0
4381 0
4382 0
4383 0
4384 0
4385 0
4386 0
4387 0
4388 0
4389 0
4390 0
4391 0
4392 0
4393 0
4394 0
4395 0
4396 0
4397 0
4398 0
4399 0
4400 0
4401 0
4402 0
4403 0
4404 0
4405 0
4406 0
4407 0
4408 0
4409 0
4410 0
4411 0
4412 0
4413 0
4414 0
4415 0
4416 0
4417 0
4418 0
4419 0
4420 0
4421 0
4422 0
4423 0
4424 0
4425 0
4426 0
4427 0
4428 0
4429 0
4430 0
4431 0
4432 0
4433 0
4434 0
4435 0
4436 0
4437 0
4438 0
4439 0
4440 0
4441 0
4442 0
4443 0
4444 0
4445 0
4446 0
4447 0
4448 0
4449 0
4450 0
4451 0
4452 0
4453 0
4454 0
4455 0
4456 0
4457 0
4458 0
4459 0
4460 0
4461 0
4462 0
4463 0
4464 0
4465 0
4466 0
4467 0
4468 0
4469 0
4470 0
4471 0
4472 0
4473 0
4474 0
4475 0
4476 0
4477 0
4478 0
4479 0
4480 0
4481 0
4482 0
4483 0
4484 0
4485 0
4486 0
4487 0
4488 0
4489 0
4490 0
4491 0
4492 0
4493 0
4494 0
4495 0
4496 0
4497 0
4498 0
4499 0
4500 0
4501 0
4502 0
4503 0
4504 0
4505 0
4506 0
4507 0
4508 0
4509 0
4510 0
4511 0
4512 0
4513 0
4514 0
4515 0
4516 0
4517 0
4518 0
4519 0
4520 0
4521 0
4522 0
4523 0
4524 0
4525 0
4526 0
4527 0
4528 0
4529 0
4530 0
4531 0
4532 0
4533 0
4534 0
4535 0
4536 0
4537 0
4538 0
4539 0
4540 0
4541 0
4542 0
4543 0
4544 0
4545 0
4546 0
4547 0
4548 0
4549 0
4550 0
4551 0
4552 0
4553 0
4554 0
4555 0
4556 0
4557 0
4558 0
4559 0
4560 0
4561 0
4562 0
4563 0
4564 0
4565 0
4566 0
4567 0
4568 0
4569 0
4570 0
4571 0
4572 0
4573 0
4574 0
4575 0
4576 0
4577 0
4578 0
4579 0
4580 0
4581 0
4582 0
4583 0
4584 0
4585 0
4586 0
4587 0
4588 0
4589 0
4590 0
4591 0
4592 0
4593 0
4594 0
4595 0
4596 0
4597 0
4598 0
4599 0
4600 0
4601 0
4602 0
4603 0
4604 0
4605 0
4606 0
4607 0
4608 0
4609 0
4610 0
4611 0
4612 0
4613 0
4614 0
4615 0
4616 0
4617 0
4618 0
4619 0
4620 0
4621 0
4622 0
4623 0
4624 0
4625 0
4626 0
4627 0
4628 0
4629 0
4630 0
4631 0
4632 0
4633 0
4634 0
4635 0
4636 0
4637 0
4638 0
4639 0
4640 0
4641 0
4642 0
4643 0
4644 0
4645 0
4646 0
4647 0
4648 0
4649 0
4650 0
4651 0
4652 0
4653 0
4654 0
4655 0
4656 0
4657 0
4658 0
4659 0
4660 0
4661 0
4662 0
4663 0
4664 0
4665 0
4666 0
4667 0
4668 0
4669 0
4670 0
4671 0
4672 0
4673 0
4674 0
4675 0
4676 0
4677 0
4678 0
4679 0
4680 0
4681 0
4682 0
4683 0
4684 0
4685 0
4686 0
4687 0
4688 0
4689 0
4690 0
4691 0
4692 0
4693 0
4694 0
4695 0
4696 0
4697 0
4698 0
4699 0
4700 0
4701 0
4702 0
4703 0
4704 0
4705 0
4706 0
4707 0
4708 0
4709 0
4710 0
4711 0
4712 0
4713 0
4714 0
4715 0
4716 0
4717 0
4718 0
4719 0
4720 0
4721 0
4722 0
4723 0
4724 0
4725 0
4726 0
4727 0
4728 0
4729 0
4730 0
4731 0
4732 0
4733 0
4734 0
4735 0
4736 0
4737 0
4738 0
4739 0
4740 0
4741 0
4742 0
4743 0
4744 0
4745 0
4746 0
4747 0
4748 0
4749 0
4750 0
4751 0
4752 0
4753 0
4754 0
4755 0
4756 0
4757 0
4758 0
4759 0
4760 0
4761 0
4762 0
4763 0
4764 0
4765 0
4766 0
4767 0
4768 0
4769 0
4770 0
4771 0
4772 0
4773 0
4774 0
4775 0
4776 0
4777 0
4778 0
4779 0
4780 0
4781 0
4782 0
4783 0
4784 0
4785 0
4786 0
4787 0
4788 0
4789 0
4790 0
4791 0
4792 0
4793 0
4794 0
4795 0
4796 0
4797 0
4798 0
4799 0
4800 0
4801 0
4802 0
4803 0
4804 0
4805 0
4806 0
4807 0
4808 0
4809 0
4810 0
4811 0
4812 0
4813 0
4814 0
4815 0
4816 0
4817 0
4818 0
4819 0
4820 0
4821 0
4822 0
4823 0
4824 0
4825 0
4826 0
4827 0
4828 0
4829 0
4830 0
4831 0
4832 0
4833 0
4834 0
4835 0
4836 0
4837 0
4838 0
4839 0
4840 0
4841 0
4842 0
4843 0
4844 0
4845 0
4846 0
4847 0
4848 0
4849 0
4850 0
4851 0
4852 0
4853 0
4854 0
4855 0
4856 0
4857 0
4858 0
4859 0
4860 0
4861 0
4862 0
4863 0
4864 0
4865 0
4866 0
4867 0
4868 0
4869 0
4870 0
4871 0
4872 0
4873 0
4874 0
4875 0
4876 0
4877 0
4878 0
4879 0
4880 0
4881 0
4882 0
4883 0
4884 0
4885 0
4886 0
4887 0
4888 0
4889 0
4890 0
4891 0
4892 0
4893 0
4894 0
4895 0
4896 0
4897 0
4898 0
4899 0
4900 0
4901 0
4902 0
4903 0
4904 0
4905 0
4906 0
4907 0
4908 0
4909 0
4910 0
4911 0
4912 0
4913 0
4914 0
4915 0
4916 0
4917 0
4918 0
4919 0
4920 0
4921 0
4922 0
4923 0
4924 0
4925 0
4926 0
4927 0
4928 0
4929 0
4930 0
4931 0
4932 0
4933 0
4934 0
4935 0
4936 0
4937 0
4938 0
4939 0
4940 0
4941 0
4942 0
4943 0
4944 0
4945 0
4946 0
4947 0
4948 0
4949 0
4950 0
4951 0
4952 0
4953 0
4954 0
4955 0
4956 0
4957 0
4958 0
4959 0
4960 0
4961 0
4962 0
4963 0
4964 0
4965 0
4966 0
4967 0
4968 0
4969 0
4970 0
4971 0
4972 0
4973 0
4974 0
4975 0
4976 0
4977 0
4978 0
4979 0
4980 0
4981 0
4982 0
4983 0
4984 0
4985 0
4986 0
4987 0
4988 0
4989 0
4990 0
4991 0
4992 0
4993 0
4994 0
4995 0
4996 0
4997 0
4998 0
4999 0
5000 0
5001 0
5002 0
5003 0
5004 0
5005 0
5006 0
5007 0
5008 0
5009 0
5010 0
5011 0
5012 0
5013 0
5014 0
5015 0
5016 0
5017 0
5018 0
5019 0
5020 0
5021 0
5022 0
5023 0
5024 0
5025 0
5026 0
5027 0
5028 0
5029 0
5030 0
5031 0
5032 0
5033 0
5034 0
5035 0
5036 0
5037 0
5038 0
5039 0
5040 0
5041 0
5042 0
5043 0
5044 0
5045 0
5046 0
5047 0
5048 0
5049 0
5050 0
5051 0
5052 0
5053 0
5054 0
5055 0
5056 0
5057 0
5058 0
5059 0
5060 0
5061 0
5062 0
5063 0
5064 0
5065 0
5066 0
5067 0
5068 0
5069 0
5070 0
5071 0
5072 0
5073 0
5074 0
5075 0
5076 0
5077 0
5078 0
5079 0
5080 0
5081 0
5082 0
5083 0
5084 0
5085 0
5086 0
5087 0
5088 0
5089 0
5090 0
5091 0
5092 0
5093 0
5094 0
5095 0
5096 0
5097 0
5098 0
5099 0
5100 0
5101 0
5102 0
5103 0
5104 0
5105 0
5106 0
5107 0
5108 0
5109 0
5110 0
5111 0
5112 0
5113 0
5114 0
5115 0
5116 0
5117 0
5118 0
5119 0
5120 0
5121 0
5122 0
5123 0
5124 0
5125 0
5126 0
5127 0
5128 0
5129 0
5130 0
5131 0
5132 0
5133 0
5134 0
5135 0
5136 0
5137 0
5138 0
5139 0
5140 0
5141 0
5142 0
5143 0
5144 0
5145 0
5146 0
5147 0
5148 0
5149 0
5150 0
5151 0
5152 0
5153 0
5154 0
5155 0
5156 0
5157 0
5158 0
5159 0
5160 0
5161 0
5162 0
5163 0
5164 0
5165 0
5166 0
5167 0
5168 0
5169 0
5170 0
5171 0
5172 0
5173 0
5174 0
5175 0
5176 0
5177 0
5178 0
5179 0
5180 0
5181 0
5182 0
5183 0
5184 0
5185 0
5186 0
5187 0
5188 0
5189 0
5190 0
5191 0
5192 0
5193 0
5194 0
5195 0
5196 0
5197 0
5198 0
5199 0
5200 0
5201 0
5202 0
5203 0
5204 0
5205 0
5206 0
5207 0
5208 0
5209 0
5210 0
5211 0
5212 0
5213 0
5214 0
5215 0
5216 0
5217 0
5218 0
5219 0
5220 0
5221 0
5222 0
5223 0
5224 0
5225 0
5226 0
5227 0
5228 0
5229 0
5230 0
5231 0
5232 0
5233 0
5234 0
5235 0
5236 0
5237 0
5238 0
5239 0
5240 0
5241 0
5242 0
5243 0
5244 0
5245 0
5246 0
5247 0
5248 0
5249 0
5250 0
5251 0
5252 0
5253 0
5254 0
5255 0
5256 0
5257 0
5258 0
5259 0
5260 0
5261 0
5262 0
5263 0
5264 0
5265 0
5266 0
5267 0
5268 0
5269 0
5270 0
5271 0
5272 0
5273 0
5274 0
5275 0
5276 0
5277 0
5278 0
5279 0
5280 0
5281 0
5282 0
5283 0
5284 0
5285 0
5286 0
5287 0
5288 0
5289 0
5290 0
5291 0
5292 0
5293 0
5294 0
5295 0
5296 0
5297 0
5298 0
5299 0
5300 0
5301 0
5302 0
5303 0
5304 0
5305 0
5306 0
5307 0
5308 0
5309 0
5310 0
5311 0
5312 0
5313 0
5314 0
5315 0
5316 0
5317 0
5318 0
5319 0
5320 0
5321 0
5322 0
5323 0
5324 0
5325 0
5326 0
5327 0
5328 0
5329 0
5330 0
5331 0
5332 0
5333 0
5334 0
5335 0
5336 0
5337 0
5338 0
5339 0
5340 0
5341 0
5342 0
5343 0
5344 0
5345 0
5346 0
5347 0
5348 0
5349 0
5350 0
5351 0
5352 0
5353 0
5354 0
5355 0
5356 0
5357 0
5358 0
5359 0
5360 0
5361 0
5362 0
5363 0
5364 0
5365 0
5366 0
5367 0
5368 0
5369 0
5370 0
5371 0
5372 0
5373 0
5374 0
5375 0
5376 0
5377 0
5378 0
5379 0
5380 0
5381 0
5382 0
5383 0
5384 0
5385 0
5386 0
5387 0
5388 0
5389 0
5390 0
5391 0
5392 0
5393 0
5394 0
5395 0
5396 0
5397 0
5398 0
5399 0
5400 0
5401 0
5402 0
5403 0
5404 0
5405 0
5406 0
5407 0
5408 0
5409 0
5410 0
5411 0
5412 0
5413 0
5414 0
5415 0
5416 0
5417 0
5418 0
5419 0
5420 0
5421 0
5422 0
5423 0
5424 0
5425 0
5426 0
5427 0
5428 0
5429 0
5430 0
5431 0
5432 0
5433 0
5434 0
5435 0
5436 0
5437 0
5438 0
5439 0
5440 0
5441 0
5442 0
5443 0
5444 0
5445 0
5446 0
5447 0
5448 0
5449 0
5450 0
5451 0
5452 0
5453 0
5454 0
5455 0
5456 0
5457 0
5458 0
5459 0
5460 0
5461 0
5462 0
5463 0
5464 0
5465 0
5466 0
5467 0
5468 0
5469 0
5470 0
5471 0
5472 0
5473 0
5474 0
5475 0
5476 0
5477 0
5478 0
5479 0
5480 0
5481 0
5482 0
5483 0
5484 0
5485 0
5486 0
5487 0
5488 0
5489 0
5490 0
5491 0
5492 0
5493 0
5494 0
5495 0
5496 0
5497 0
5498 0
5499 0
5500 0
5501 0
5502 0
5503 0
5504 0
5505 0
5506 0
5507 0
5508 0
5509 0
5510 0
5511 0
5512 0
5513 0
5514 0
5515 0
5516 0
5517 0
5518 0
5519 0
5520 0
5521 0
5522 0
5523 0
5524 0
5525 0
5526 0
5527 0
5528 0
5529 0
5530 0
5531 0
5532 0
5533 0
5534 0
5535 0
5536 0
5537 0
5538 0
5539 0
5540 0
5541 0
5542 0
5543 0
5544 0
5545 0
5546 0
5547 0
5548 0
5549 0
5550 0
5551 0
5552 0
5553 0
5554 0
5555 0
5556 0
5557 0
5558 0
5559 0
5560 0
5561 0
5562 0
5563 0
5564 0
5565 0
5566 0
5567 0
5568 0
5569 0
5570 0
5571 0
5572 0
5573 0
5574 0
5575 0
5576 0
5577 0
5578 0
5579 0
5580 0
5581 0
5582 0
5583 0
5584 0
5585 0
5586 0
5587 0
5588 0
5589 0
5590 0
5591 0
5592 0
5593 0
5594 0
5595 0
5596 0
5597 0
5598 0
5599 0
5600 0
5601 0
5602 0
5603 0
5604 0
5605 0
5606 0
5607 0
5608 0
5609 0
5610 0
5611 0
5612 0
5613 0
5614 0
5615 0
5616 0
5617 0
5618 0
5619 0
5620 0
5621 0
5622 0
5623 0
5624 0
5625 0
5626 0
5627 0
5628 0
5629 0
5630 0
5631 0
5632 0
5633 0
5634 0
5635 0
5636 0
5637 0
5638 0
5639 0
5640 0
5641 0
5642 0
5643 0
5644 0
5645 0
5646 0
5647 0
5648 0
5649 0
5650 0
5651 0
5652 0
5653 0
5654 0
5655 0
5656 0
5657 0
5658 0
5659 0
5660 0
5661 0
5662 0
5663 0
5664 0
5665 0
5666 0
5667 0
5668 0
5669 0
5670 0
5671 0
5672 0
5673 0
5674 0
5675 0
5676 0
5677 0
5678 0
5679 0
5680 0
5681 0
5682 0
5683 0
5684 0
5685 0
5686 0
5687 0
5688 0
5689 0
5690 0
5691 0
5692 0
5693 0
5694 0
5695 0
5696 0
5697 0
5698 0
5699 0
5700 0
5701 0
5702 0
5703 0
5704 0
5705 0
5706 0
5707 0
5708 0
5709 0
5710 0
5711 0
5712 0
5713 0
5714 0
5715 0
5716 0
5717 0
5718 0
5719 0
5720 0
5721 0
5722 0
5723 0
5724 0
5725 0
5726 0
5727 0
5728 0
5729 0
5730 0
5731 0
5732 0
5733 0
5734 0
5735 0
5736 0
5737 0
5738 0
5739 0
5740 0
5741 0
5742 0
5743 0
5744 0
5745 0
5746 0
5747 0
5748 0
5749 0
5750 0
5751 0
5752 0
5753 0
5754 0
5755 0
5756 0
5757 0
5758 0
5759 0
5760 0
5761 0
5762 0
5763 0
5764 0
5765 0
5766 0
5767 0
5768 0
5769 0
5770 0
5771 0
5772 0
5773 0
5774 0
5775 0
5776 0
5777 0
5778 0
5779 0
5780 0
5781 0
5782 0
5783 0
5784 0
5785 0
5786 0
5787 0
5788 0
5789 0
5790 0
5791 0
5792 0
5793 0
5794 0
5795 0
5796 0
5797 0
5798 0
5799 0
5800 0
5801 0
5802 0
5803 0
5804 0
5805 0
5806 0
5807 0
5808 0
5809 0
5810 0
5811 0
5812 0
5813 0
5814 0
5815 0
5816 0
5817 0
5818 0
5819 0
5820 0
5821 0
5822 0
5823 0
5824 0
5825 0
5826 0
5827 0
5828 0
5829 0
5830 0
5831 0
5832 0
5833 0
5834 0
5835 0
5836 0
5837 0
5838 0
5839 0
5840 0
5841 0
5842 0
5843 0
5844 0
5845 0
5846 0
5847 0
5848 0
5849 0
5850 0
5851 0
5852 0
5853 0
5854 0
5855 0
5856 0
5857 0
5858 0
5859 0
5860 0
5861 0
5862 0
5863 0
5864 0
5865 0
5866 0
5867 0
5868 0
5869 0
5870 0
5871 0
5872 0
5873 0
5874 0
5875 0
5876 0
5877 0
5878 0
5879 0
5880 0
5881 0
5882 0
5883 0
5884 0
5885 0
5886 0
5887 0
5888 0
5889 0
5890 0
5891 0
5892 0
5893 0
5894 0
5895 0
5896 0
5897 0
5898 0
5899 0
5900 0
5901 0
5902 0
5903 0
5904 0
5905 0
5906 0
5907 0
5908 0
5909 0
5910 0
5911 0
5912 0
5913 0
5914 0
5915 0
5916 0
5917 0
5918 0
5919 0
5920 0
5921 0
5922 0
5923 0
5924 0
5925 0
5926 0
5927 0
5928 0
5929 0
5930 0
5931 0
5932 0
5933 0
5934 0
5935 0
5936 0
5937 0
5938 0
5939 0
5940 0
5941 0
5942 0
5943 0
5944 0
5945 0
5946 0
5947 0
5948 0
5949 0
5950 0
5951 0
5952 0
5953 0
5954 0
5955 0
5956 0
5957 0
5958 0
5959 0
5960 0
5961 0
5962 0
5963 0
5964 0
5965 0
5966 0
5967 0
5968 0
5969 0
5970 0
5971 0
5972 0
5973 0
5974 0
5975 0
5976 0
5977 0
5978 0
5979 0
5980 0
5981 0
5982 0
5983 0
5984 0
5985 0
5986 0
5987 0
5988 0
5989 0
5990 0
5991 0
5992 0
5993 0
5994 0
5995 0
5996 0
5997 0
5998 0
5999 0
